iteration,coverage,max_depth,corpus_size,crashes
0,41,14,6,0
1,32,14,6,0
2,33,14,7,0
3,34,14,8,0
4,34,14,8,0
5,34,14,8,0
6,35,14,9,0
7,35,14,9,0
8,35,14,9,0
9,36,14,10,0
10,36,14,10,0
11,36,14,10,0
12,36,14,10,0
13,36,14,10,0
14,36,14,10,0
15,36,14,10,0
16,36,14,10,0
17,36,14,10,0
18,36,14,10,0
19,36,14,10,0
20,36,14,10,0
21,36,14,10,0
22,36,14,10,0
23,36,14,10,0
24,36,14,10,0
25,36,14,10,0
26,36,14,10,0
27,36,14,10,0
28,36,14,10,0
29,36,14,10,0
30,37,14,11,0
31,37,14,11,0
32,37,14,11,0
33,37,14,11,0
34,37,14,11,0
35,37,14,11,0
36,37,14,11,0
37,37,14,11,0
38,37,14,11,0
39,37,14,11,0
40,37,14,11,0
41,37,14,11,0
42,38,14,12,0
43,38,14,12,0
44,38,14,12,0
45,38,14,12,0
46,38,14,12,0
47,38,14,12,0
48,38,14,12,0
49,38,14,12,0
50,38,14,12,0
51,38,14,12,0
52,38,14,12,0
53,38,14,12,0
54,38,14,12,0
55,38,14,12,0
56,38,14,12,0
57,38,14,12,0
58,38,14,12,0
59,38,14,12,0
60,38,14,12,0
61,38,14,12,0
62,38,14,12,0
63,38,14,12,0
64,38,14,12,0
65,38,14,12,0
66,38,14,12,0
67,38,14,12,0
68,38,14,12,0
69,38,14,12,0
70,38,14,12,0
71,38,14,12,0
72,38,14,12,0
73,38,14,12,0
74,38,14,12,0
75,38,14,12,0
76,38,14,12,0
77,38,14,12,0
78,38,14,12,0
79,38,14,12,0
80,38,14,12,0
81,38,14,12,0
82,38,14,12,0
83,38,14,12,0
84,38,14,12,0
85,38,14,12,0
86,38,14,12,0
87,38,14,12,0
88,38,14,12,0
89,38,14,12,0
90,39,14,13,0
91,39,14,13,0
92,39,14,13,0
93,39,14,13,0
94,39,14,13,0
95,39,14,13,0
96,39,14,13,0
97,39,14,13,0
98,39,14,13,0
99,39,14,13,0
100,39,14,13,0
101,39,14,13,0
102,39,14,13,0
103,39,14,13,0
104,39,14,13,0
105,39,14,13,0
106,39,14,13,0
107,39,14,13,0
108,39,14,13,0
109,39,14,13,0
110,39,14,13,0
111,39,14,13,0
112,39,14,13,0
113,39,14,13,0
114,39,14,13,0
115,39,14,13,0
116,39,14,13,0
117,39,14,13,0
118,39,14,13,0
119,39,14,13,0
120,39,14,13,0
121,39,14,13,0
122,39,14,13,0
123,39,14,13,0
124,39,14,13,0
125,39,14,13,0
126,39,14,13,0
127,39,14,13,0
128,39,14,13,0
129,39,14,13,0
130,39,14,13,0
131,39,14,13,0
132,39,14,13,0
133,39,14,13,0
134,41,14,14,0
135,41,14,14,0
136,41,14,14,0
137,41,14,14,0
138,41,14,14,0
139,41,14,14,0
140,41,14,14,0
141,41,14,14,0
142,41,14,14,0
143,41,14,14,0
144,41,14,14,0
145,41,14,14,0
146,41,14,14,0
147,41,14,14,0
148,41,14,14,0
149,41,14,14,0
150,41,14,14,0
151,41,14,14,0
152,41,14,14,0
153,41,14,14,0
154,41,14,14,0
155,41,14,14,0
156,41,14,14,0
157,41,14,14,0
158,41,14,14,0
159,41,14,14,0
160,41,14,14,0
161,41,14,14,0
162,41,14,14,0
163,41,14,14,0
164,41,14,14,0
165,41,14,14,0
166,41,14,14,0
167,41,14,14,0
168,41,14,14,0
169,41,14,14,0
170,41,14,14,0
171,41,14,14,0
172,41,14,14,0
173,41,14,14,0
174,41,14,14,0
175,41,14,14,0
176,41,14,14,0
177,41,14,14,0
178,41,14,14,0
179,41,14,14,0
180,41,14,14,0
181,41,14,14,0
182,41,14,14,0
183,41,14,14,0
184,41,14,14,0
185,41,14,14,0
186,41,14,14,0
187,41,14,14,0
188,41,14,14,0
189,41,14,14,0
190,41,14,14,0
191,41,14,14,0
192,41,14,14,0
193,41,14,14,0
194,41,14,14,0
195,41,14,14,0
196,41,14,14,0
197,41,14,14,0
198,41,14,14,0
199,41,14,14,0
200,41,14,14,0
201,41,14,14,0
202,41,14,14,0
203,41,14,14,0
204,41,14,14,0
205,41,14,14,0
206,42,14,15,0
207,42,14,15,0
208,42,14,15,0
209,42,14,15,0
210,42,14,15,0
211,42,14,15,0
212,42,14,15,0
213,42,14,15,0
214,42,14,15,0
215,42,14,15,0
216,42,14,15,0
217,42,14,15,0
218,42,14,15,0
219,42,14,15,0
220,42,14,15,0
221,42,14,15,0
222,42,14,15,0
223,42,14,15,0
224,42,14,15,0
225,42,14,15,0
226,42,14,15,0
227,42,14,15,0
228,42,14,15,0
229,42,14,15,0
230,42,14,15,0
231,42,14,15,0
232,42,14,15,0
233,42,14,15,0
234,42,14,15,0
235,42,14,15,0
236,42,14,15,0
237,42,14,15,0
238,42,14,15,0
239,42,14,15,0
240,42,14,15,0
241,42,14,15,0
242,42,14,15,0
243,42,14,15,0
244,42,14,15,0
245,42,14,15,0
246,42,14,15,0
247,42,14,15,0
248,42,14,15,0
249,42,14,15,0
250,42,14,15,0
251,42,14,15,0
252,42,14,15,0
253,42,14,15,0
254,42,14,15,0
255,42,14,15,0
256,42,14,15,0
257,42,14,15,0
258,42,14,15,0
259,42,14,15,0
260,42,14,15,0
261,42,14,15,0
262,42,14,15,0
263,42,14,15,0
264,42,14,15,0
265,42,14,15,0
266,42,14,15,0
267,42,14,15,0
268,42,14,15,0
269,42,14,15,0
270,42,14,15,0
271,42,14,15,0
272,42,14,15,0
273,42,14,15,0
274,42,14,15,0
275,42,14,15,0
276,42,14,15,0
277,42,14,15,0
278,42,14,15,0
279,42,14,15,0
280,42,14,15,0
281,42,14,15,0
282,42,14,15,0
283,42,14,15,0
284,42,14,15,0
285,42,14,15,0
286,42,14,15,0
287,42,14,15,0
288,42,14,15,0
289,42,14,15,0
290,42,14,15,0
291,42,14,15,0
292,42,14,15,0
293,42,14,15,0
294,42,14,15,0
295,42,14,15,0
296,42,14,15,0
297,42,14,15,0
298,42,14,15,0
299,42,14,15,0
300,42,14,15,0
301,42,14,15,0
302,42,14,15,0
303,42,14,15,0
304,42,14,15,0
305,42,14,15,0
306,42,14,15,0
307,42,14,15,0
308,42,14,15,0
309,42,14,15,0
310,42,14,15,0
311,42,14,15,0
312,42,14,15,0
313,42,14,15,0
314,42,14,15,0
315,42,14,15,0
316,42,14,15,0
317,42,14,15,0
318,42,14,15,0
319,42,14,15,0
320,42,14,15,0
321,42,14,15,0
322,42,14,15,0
323,42,14,15,0
324,42,14,15,0
325,42,14,15,0
326,42,14,15,0
327,42,14,15,0
328,42,14,15,0
329,42,14,15,0
330,42,14,15,0
331,42,14,15,0
332,42,14,15,0
333,42,14,15,0
334,42,14,15,0
335,42,14,15,0
336,42,14,15,0
337,42,14,15,0
338,42,14,15,0
339,42,14,15,0
340,42,14,15,0
341,42,14,15,0
342,42,14,15,0
343,42,14,15,0
344,42,14,15,0
345,42,14,15,0
346,42,14,15,0
347,42,14,15,0
348,42,14,15,0
349,42,14,15,0
350,42,14,15,0
351,42,14,15,0
352,42,14,15,0
353,42,14,15,0
354,42,14,15,0
355,42,14,15,0
356,42,14,15,0
357,42,14,15,0
358,42,14,15,0
359,42,14,15,0
360,42,14,15,0
361,42,14,15,0
362,42,14,15,0
363,42,14,15,0
364,42,14,15,0
365,42,14,15,0
366,42,14,15,0
367,42,14,15,0
368,42,14,15,0
369,42,14,15,0
370,42,14,15,0
371,42,14,15,0
372,42,14,15,0
373,42,14,15,0
374,42,14,15,0
375,42,14,15,0
376,42,14,15,0
377,42,14,15,0
378,42,14,15,0
379,42,14,15,0
380,42,14,15,0
381,42,14,15,0
382,42,14,15,0
383,42,14,15,0
384,42,14,15,0
385,42,14,15,0
386,42,14,15,0
387,42,14,15,0
388,42,14,15,0
389,42,14,15,0
390,42,14,15,0
391,42,14,15,0
392,42,14,15,0
393,42,14,15,0
394,42,14,15,0
395,42,14,15,0
396,42,14,15,0
397,42,14,15,0
398,42,14,15,0
399,42,14,15,0
400,42,14,15,0
401,42,14,15,0
402,42,14,15,0
403,42,14,15,0
404,42,14,15,0
405,42,14,15,0
406,42,14,15,0
407,42,14,15,0
408,42,14,15,0
409,42,14,15,0
410,42,14,15,0
411,42,14,15,0
412,42,14,15,0
413,42,14,15,0
414,42,14,15,0
415,42,14,15,0
416,42,14,15,0
417,42,14,15,0
418,42,14,15,0
419,42,14,15,0
420,42,14,15,0
421,42,14,15,0
422,42,14,15,0
423,42,14,15,0
424,42,14,15,0
425,42,14,15,0
426,42,14,15,0
427,42,14,15,0
428,42,14,15,0
429,42,14,15,0
430,42,14,15,0
431,42,14,15,0
432,42,14,15,0
433,42,14,15,0
434,42,14,15,0
435,42,14,15,0
436,42,14,15,0
437,42,14,15,0
438,42,14,15,0
439,42,14,15,0
440,42,14,15,0
441,42,14,15,0
442,42,14,15,0
443,42,14,15,0
444,42,14,15,0
445,42,14,15,0
446,42,14,15,0
447,42,14,15,0
448,42,14,15,0
449,42,14,15,0
450,42,14,15,0
451,42,14,15,0
452,42,14,15,0
453,42,14,15,0
454,42,14,15,0
455,42,14,15,0
456,42,14,15,0
457,42,14,15,0
458,42,14,15,0
459,42,14,15,0
460,42,14,15,0
461,42,14,15,0
462,42,14,15,0
463,42,14,15,0
464,42,14,15,0
465,42,14,15,0
466,42,14,15,0
467,42,14,15,0
468,42,14,15,0
469,42,14,15,0
470,42,14,15,0
471,42,14,15,0
472,42,14,15,0
473,42,14,15,0
474,42,14,15,0
475,42,14,15,0
476,42,14,15,0
477,42,14,15,0
478,42,14,15,0
479,42,14,15,0
480,42,14,15,0
481,42,14,15,0
482,42,14,15,0
483,42,14,15,0
484,42,14,15,0
485,42,14,15,0
486,42,14,15,0
487,42,14,15,0
488,42,14,15,0
489,42,14,15,0
490,42,14,15,0
491,42,14,15,0
492,42,14,15,0
493,42,14,15,0
494,42,14,15,0
495,42,14,15,0
496,42,14,15,0
497,42,14,15,0
498,42,14,15,0
499,42,14,15,0
500,42,14,15,0
501,42,14,15,0
502,42,14,15,0
503,42,14,15,0
504,42,14,15,0
505,42,14,15,0
506,42,14,15,0
507,42,14,15,0
508,42,14,15,0
509,42,14,15,0
510,42,14,15,0
511,42,14,15,0
512,42,14,15,0
513,42,14,15,0
514,42,14,15,0
515,42,14,15,0
516,42,14,15,0
517,42,14,15,0
518,42,14,15,0
519,42,14,15,0
520,42,14,15,0
521,42,14,15,0
522,42,14,15,0
523,42,14,15,0
524,42,14,15,0
525,42,14,15,0
526,42,14,15,0
527,42,14,15,0
528,42,14,15,0
529,42,14,15,0
530,42,14,15,0
531,42,14,15,0
532,42,14,15,0
533,42,14,15,0
534,42,14,15,0
535,42,14,15,0
536,42,14,15,0
537,43,14,16,0
538,43,14,16,0
539,43,14,16,0
540,43,14,16,0
541,43,14,16,0
542,43,14,16,0
543,43,14,16,0
544,43,14,16,0
545,43,14,16,0
546,43,14,16,0
547,43,14,16,0
548,43,14,16,0
549,43,14,16,0
550,43,14,16,0
551,43,14,16,0
552,43,14,16,0
553,43,14,16,0
554,43,14,16,0
555,43,14,16,0
556,43,14,16,0
557,43,14,16,0
558,43,14,16,0
559,43,14,16,0
560,43,14,16,0
561,43,14,16,0
562,43,14,16,0
563,43,14,16,0
564,43,14,16,0
565,43,14,16,0
566,43,14,16,0
567,43,14,16,0
568,43,14,16,0
569,43,14,16,0
570,43,14,16,0
571,43,14,16,0
572,43,14,16,0
573,43,14,16,0
574,43,14,16,0
575,43,14,16,0
576,43,14,16,0
577,43,14,16,0
578,43,14,16,0
579,43,14,16,0
580,43,14,16,0
581,43,14,16,0
582,43,14,16,0
583,43,14,16,0
584,43,14,16,0
585,43,14,16,0
586,43,14,16,0
587,43,14,16,0
588,43,14,16,0
589,43,14,16,0
590,43,14,16,0
591,43,14,16,0
592,43,14,16,0
593,43,14,16,0
594,43,14,16,0
595,43,14,16,0
596,43,14,16,0
597,43,14,16,0
598,43,14,16,0
599,43,14,16,0
600,43,14,16,0
601,43,14,16,0
602,43,14,16,0
603,43,14,16,0
604,43,14,16,0
605,43,14,16,0
606,43,14,16,0
607,43,14,16,0
608,43,14,16,0
609,43,14,16,0
610,43,14,16,0
611,43,14,16,0
612,43,14,16,0
613,43,14,16,0
614,43,14,16,0
615,43,14,16,0
616,43,14,16,0
617,43,14,16,0
618,43,14,16,0
619,43,14,16,0
620,43,14,16,0
621,43,14,16,0
622,43,14,16,0
623,43,14,16,0
624,43,14,16,0
625,43,14,16,0
626,43,14,16,0
627,43,14,16,0
628,43,14,16,0
629,43,14,16,0
630,43,14,16,0
631,43,14,16,0
632,43,14,16,0
633,43,14,16,0
634,43,14,16,0
635,43,14,16,0
636,43,14,16,0
637,43,14,16,0
638,43,14,16,0
639,43,14,16,0
640,43,14,16,0
641,43,14,16,0
642,43,14,16,0
643,43,14,16,0
644,43,14,16,0
645,43,14,16,0
646,43,14,16,0
647,43,14,16,0
648,43,14,16,0
649,43,14,16,0
650,43,14,16,0
651,43,14,16,0
652,43,14,16,0
653,43,14,16,0
654,43,14,16,0
655,43,14,16,0
656,43,14,16,0
657,43,14,16,0
658,43,14,16,0
659,43,14,16,0
660,43,14,16,0
661,43,14,16,0
662,43,14,16,0
663,43,14,16,0
664,43,14,16,0
665,43,14,16,0
666,43,14,16,0
667,43,14,16,0
668,43,14,16,0
669,43,14,16,0
670,43,14,16,0
671,43,14,16,0
672,43,14,16,0
673,43,14,16,0
674,43,14,16,0
675,43,14,16,0
676,43,14,16,0
677,43,14,16,0
678,43,14,16,0
679,43,14,16,0
680,43,14,16,0
681,43,14,16,0
682,43,14,16,0
683,43,14,16,0
684,43,14,16,0
685,43,14,16,0
686,43,14,16,0
687,43,14,16,0
688,43,14,16,0
689,43,14,16,0
690,43,14,16,0
691,43,14,16,0
692,43,14,16,0
693,43,14,16,0
694,43,14,16,0
695,43,14,16,0
696,43,14,16,0
697,43,14,16,0
698,43,14,16,0
699,43,14,16,0
700,43,14,16,0
701,43,14,16,0
702,43,14,16,0
703,43,14,16,0
704,43,14,16,0
705,43,14,16,0
706,43,14,16,0
707,43,14,16,0
708,43,14,16,0
709,43,14,16,0
710,43,14,16,0
711,43,14,16,0
712,43,14,16,0
713,43,14,16,0
714,43,14,16,0
715,43,14,16,0
716,43,14,16,0
717,43,14,16,0
718,43,14,16,0
719,43,14,16,0
720,43,14,16,0
721,43,14,16,0
722,43,14,16,0
723,43,14,16,0
724,43,14,16,0
725,43,14,16,0
726,43,14,16,0
727,43,14,16,0
728,43,14,16,0
729,43,14,16,0
730,43,14,16,0
731,43,14,16,0
732,43,14,16,0
733,43,14,16,0
734,43,14,16,0
735,43,14,16,0
736,43,14,16,0
737,43,14,16,0
738,43,14,16,0
739,43,14,16,0
740,43,14,16,0
741,43,14,16,0
742,43,14,16,0
743,43,14,16,0
744,43,14,16,0
745,43,14,16,0
746,43,14,16,0
747,43,14,16,0
748,43,14,16,0
749,43,14,16,0
750,43,14,16,0
751,43,14,16,0
752,43,14,16,0
753,43,14,16,0
754,43,14,16,0
755,43,14,16,0
756,43,14,16,0
757,43,14,16,0
758,43,14,16,0
759,43,14,16,0
760,43,14,16,0
761,43,14,16,0
762,43,14,16,0
763,43,14,16,0
764,43,14,16,0
765,43,14,16,0
766,43,14,16,0
767,43,14,16,0
768,43,14,16,0
769,43,14,16,0
770,43,14,16,0
771,43,14,16,0
772,43,14,16,0
773,43,14,16,0
774,43,14,16,0
775,43,14,16,0
776,43,14,16,0
777,43,14,16,0
778,43,14,16,0
779,43,14,16,0
780,43,14,16,0
781,43,14,16,0
782,43,14,16,0
783,43,14,16,0
784,43,14,16,0
785,43,14,16,0
786,43,14,16,0
787,43,14,16,0
788,43,14,16,0
789,43,14,16,0
790,43,14,16,0
791,43,14,16,0
792,43,14,16,0
793,43,14,16,0
794,43,14,16,0
795,43,14,16,0
796,43,14,16,0
797,43,14,16,0
798,43,14,16,0
799,43,14,16,0
800,43,14,16,0
801,43,14,16,0
802,43,14,16,0
803,43,14,16,0
804,43,14,16,0
805,43,14,16,0
806,43,14,16,0
807,43,14,16,0
808,43,14,16,0
809,43,14,16,0
810,43,14,16,0
811,43,14,16,0
812,43,14,16,0
813,43,14,16,0
814,43,14,16,0
815,43,14,16,0
816,43,14,16,0
817,43,14,16,0
818,43,14,16,0
819,43,14,16,0
820,43,14,16,0
821,43,14,16,0
822,43,14,16,0
823,43,14,16,0
824,43,14,16,0
825,43,14,16,0
826,43,14,16,0
827,43,14,16,0
828,43,14,16,0
829,43,14,16,0
830,43,14,16,0
831,43,14,16,0
832,43,14,16,0
833,43,14,16,0
834,43,14,16,0
835,43,14,16,0
836,43,14,16,0
837,43,14,16,0
838,43,14,16,0
839,43,14,16,0
840,43,14,16,0
841,43,14,16,0
842,43,14,16,0
843,43,14,16,0
844,43,14,16,0
845,43,14,16,0
846,43,14,16,0
847,43,14,16,0
848,43,14,16,0
849,43,14,16,0
850,43,14,16,0
851,43,14,16,0
852,43,14,16,0
853,43,14,16,0
854,43,14,16,0
855,43,14,16,0
856,43,14,16,0
857,43,14,16,0
858,43,14,16,0
859,43,14,16,0
860,43,14,16,0
861,43,14,16,0
862,43,14,16,0
863,43,14,16,0
864,43,14,16,0
865,43,14,16,0
866,43,14,16,0
867,43,14,16,0
868,43,14,16,0
869,43,14,16,0
870,43,14,16,0
871,43,14,16,0
872,43,14,16,0
873,43,14,16,0
874,43,14,16,0
875,43,14,16,0
876,43,14,16,0
877,43,14,16,0
878,43,14,16,0
879,43,14,16,0
880,43,14,16,0
881,43,14,16,0
882,43,14,16,0
883,43,14,16,0
884,43,14,16,0
885,43,14,16,0
886,43,14,16,0
887,43,14,16,0
888,43,14,16,0
889,43,14,16,0
890,43,14,16,0
891,43,14,16,0
892,43,14,16,0
893,43,14,16,0
894,43,14,16,0
895,43,14,16,0
896,43,14,16,0
897,43,14,16,0
898,43,14,16,0
899,43,14,16,0
900,43,14,16,0
901,43,14,16,0
902,43,14,16,0
903,43,14,16,0
904,43,14,16,0
905,43,14,16,0
906,43,14,16,0
907,43,14,16,0
908,43,14,16,0
909,43,14,16,0
910,43,14,16,0
911,43,14,16,0
912,43,14,16,0
913,43,14,16,0
914,43,14,16,0
915,43,14,16,0
916,43,14,16,0
917,43,14,16,0
918,43,14,16,0
919,43,14,16,0
920,43,14,16,0
921,43,14,16,0
922,43,14,16,0
923,43,14,16,0
924,43,14,16,0
925,43,14,16,0
926,43,14,16,0
927,43,14,16,0
928,43,14,16,0
929,43,14,16,0
930,43,14,16,0
931,43,14,16,0
932,43,14,16,0
933,43,14,16,0
934,43,14,16,0
935,43,14,16,0
936,43,14,16,0
937,43,14,16,0
938,43,14,16,0
939,43,14,16,0
940,43,14,16,0
941,43,14,16,0
942,43,14,16,0
943,43,14,16,0
944,43,14,16,0
945,43,14,16,0
946,43,14,16,0
947,43,14,16,0
948,43,14,16,0
949,43,14,16,0
950,43,14,16,0
951,43,14,16,0
952,43,14,16,0
953,43,14,16,0
954,43,14,16,0
955,43,14,16,0
956,43,14,16,0
957,43,14,16,0
958,43,14,16,0
959,43,14,16,0
960,43,14,16,0
961,43,14,16,0
962,43,14,16,0
963,43,14,16,0
964,43,14,16,0
965,43,14,16,0
966,43,14,16,0
967,43,14,16,0
968,43,14,16,0
969,43,14,16,0
970,43,14,16,0
971,43,14,16,0
972,43,14,16,0
973,43,14,16,0
974,43,14,16,0
975,43,14,16,0
976,43,14,16,0
977,43,14,16,0
978,43,14,16,0
979,43,14,16,0
980,43,14,16,0
981,43,14,16,0
982,43,14,16,0
983,43,14,16,0
984,43,14,16,0
985,43,14,16,0
986,43,14,16,0
987,43,14,16,0
988,43,14,16,0
989,43,14,16,0
990,43,14,16,0
991,43,14,16,0
992,43,14,16,0
993,45,14,17,0
994,45,14,17,0
995,45,14,17,0
996,45,14,17,0
997,45,14,17,0
998,45,14,17,0
999,45,14,17,0
1000,45,14,17,0
1001,45,14,17,0
1002,45,14,17,0
1003,45,14,17,0
1004,45,14,17,0
1005,45,14,17,0
1006,45,14,17,0
1007,45,14,17,0
1008,45,14,17,0
1009,45,14,17,0
1010,45,14,17,0
1011,45,14,17,0
1012,45,14,17,0
1013,45,14,17,0
1014,45,14,17,0
1015,45,14,17,0
1016,45,14,17,0
1017,45,14,17,0
1018,45,14,17,0
1019,45,14,17,0
1020,45,14,17,0
1021,45,14,17,0
1022,45,14,17,0
1023,45,14,17,0
1024,45,14,17,0
1025,45,14,17,0
1026,45,14,17,0
1027,45,14,17,0
1028,45,14,17,0
1029,45,14,17,0
1030,45,14,17,0
1031,45,14,17,0
1032,45,14,17,0
1033,45,14,17,0
1034,45,14,17,0
1035,45,14,17,0
1036,45,14,17,0
1037,45,14,17,0
1038,45,14,17,0
1039,45,14,17,0
1040,45,14,17,0
1041,45,14,17,0
1042,45,14,17,0
1043,45,14,17,0
1044,45,14,17,0
1045,45,14,17,0
1046,45,14,17,0
1047,45,14,17,0
1048,45,14,17,0
1049,45,14,17,0
1050,45,14,17,0
1051,45,14,17,0
1052,45,14,17,0
1053,45,14,17,0
1054,45,14,17,0
1055,45,14,17,0
1056,45,14,17,0
1057,45,14,17,0
1058,45,14,17,0
1059,45,14,17,0
1060,45,14,17,0
1061,45,14,17,0
1062,45,14,17,0
1063,45,14,17,0
1064,45,14,17,0
1065,45,14,17,0
1066,45,14,17,0
1067,45,14,17,0
1068,45,14,17,0
1069,45,14,17,0
1070,45,14,17,0
1071,45,14,17,0
1072,45,14,17,0
1073,45,14,17,0
1074,45,14,17,0
1075,45,14,17,0
1076,45,14,17,0
1077,45,14,17,0
1078,45,14,17,0
1079,45,14,17,0
1080,45,14,17,0
1081,45,14,17,0
1082,45,14,17,0
1083,45,14,17,0
1084,45,14,17,0
1085,45,14,17,0
1086,45,14,17,0
1087,45,14,17,0
1088,45,14,17,0
1089,45,14,17,0
1090,45,14,17,0
1091,45,14,17,0
1092,45,14,17,0
1093,45,14,17,0
1094,45,14,17,0
1095,45,14,17,0
1096,45,14,17,0
1097,45,14,17,0
1098,45,14,17,0
1099,45,14,17,0
1100,45,14,17,0
1101,45,14,17,0
1102,45,14,17,0
1103,45,14,17,0
1104,45,14,17,0
1105,45,14,17,0
1106,45,14,17,0
1107,45,14,17,0
1108,45,14,17,0
1109,45,14,17,0
1110,45,14,17,0
1111,45,14,17,0
1112,45,14,17,0
1113,45,14,17,0
1114,45,14,17,0
1115,45,14,17,0
1116,45,14,17,0
1117,45,14,17,0
1118,45,14,17,0
1119,45,14,17,0
1120,45,14,17,0
1121,45,14,17,0
1122,45,14,17,0
1123,45,14,17,0
1124,45,14,17,0
1125,45,14,17,0
1126,45,14,17,0
1127,45,14,17,0
1128,45,14,17,0
1129,45,14,17,0
1130,45,14,17,0
1131,45,14,17,0
1132,45,14,17,0
1133,45,14,17,0
1134,45,14,17,0
1135,45,14,17,0
1136,45,14,17,0
1137,45,14,17,0
1138,45,14,17,0
1139,45,14,17,0
1140,45,14,17,0
1141,45,14,17,0
1142,45,14,17,0
1143,45,14,17,0
1144,45,14,17,0
1145,45,14,17,0
1146,45,14,17,0
1147,45,14,17,0
1148,45,14,17,0
1149,45,14,17,0
1150,45,14,17,0
1151,45,14,17,0
1152,45,14,17,0
1153,45,14,17,0
1154,45,14,17,0
1155,45,14,17,0
1156,45,14,17,0
1157,45,14,17,0
1158,45,14,17,0
1159,45,14,17,0
1160,45,14,17,0
1161,45,14,17,0
1162,45,14,17,0
1163,45,14,17,0
1164,45,14,17,0
1165,45,14,17,0
1166,45,14,17,0
1167,45,14,17,0
1168,45,14,17,0
1169,45,14,17,0
1170,45,14,17,0
1171,45,14,17,0
1172,45,14,17,0
1173,45,14,17,0
1174,45,14,17,0
1175,45,14,17,0
1176,45,14,17,0
1177,45,14,17,0
1178,45,14,17,0
1179,45,14,17,0
1180,45,14,17,0
1181,45,14,17,0
1182,45,14,17,0
1183,45,14,17,0
1184,45,14,17,0
1185,45,14,17,0
1186,45,14,17,0
1187,45,14,17,0
1188,45,14,17,0
1189,45,14,17,0
1190,45,14,17,0
1191,45,14,17,0
1192,45,14,17,0
1193,45,14,17,0
1194,45,14,17,0
1195,45,14,17,0
1196,45,14,17,0
1197,45,14,17,0
1198,45,14,17,0
1199,45,14,17,0
1200,45,14,17,0
1201,45,14,17,0
1202,45,14,17,0
1203,45,14,17,0
1204,45,14,17,0
1205,45,14,17,0
1206,45,14,17,0
1207,45,14,17,0
1208,45,14,17,0
1209,45,14,17,0
1210,45,14,17,0
1211,45,14,17,0
1212,45,14,17,0
1213,45,14,17,0
1214,45,14,17,0
1215,45,14,17,0
1216,45,14,17,0
1217,45,14,17,0
1218,45,14,17,0
1219,45,14,17,0
1220,45,14,17,0
1221,45,14,17,0
1222,45,14,17,0
1223,45,14,17,0
1224,45,14,17,0
1225,45,14,17,0
1226,45,14,17,0
1227,45,14,17,0
1228,45,14,17,0
1229,45,14,17,0
1230,45,14,17,0
1231,45,14,17,0
1232,45,14,17,0
1233,45,14,17,0
1234,45,14,17,0
1235,45,14,17,0
1236,45,14,17,0
1237,45,14,17,0
1238,45,14,17,0
1239,45,14,17,0
1240,45,14,17,0
1241,45,14,17,0
1242,45,14,17,0
1243,45,14,17,0
1244,45,14,17,0
1245,45,14,17,0
1246,45,14,17,0
1247,45,14,17,0
1248,45,14,17,0
1249,45,14,17,0
1250,45,14,17,0
1251,45,14,17,0
1252,45,14,17,0
1253,45,14,17,0
1254,45,14,17,0
1255,45,14,17,0
1256,45,14,17,0
1257,45,14,17,0
1258,45,14,17,0
1259,45,14,17,0
1260,45,14,17,0
1261,45,14,17,0
1262,45,14,17,0
1263,45,14,17,0
1264,45,14,17,0
1265,45,14,17,0
1266,45,14,17,0
1267,45,14,17,0
1268,45,14,17,0
1269,45,14,17,0
1270,45,14,17,0
1271,45,14,17,0
1272,45,14,17,0
1273,45,14,17,0
1274,45,14,17,0
1275,45,14,17,0
1276,45,14,17,0
1277,45,14,17,0
1278,45,14,17,0
1279,45,14,17,0
1280,45,14,17,0
1281,45,14,17,0
1282,45,14,17,0
1283,45,14,17,0
1284,45,14,17,0
1285,45,14,17,0
1286,45,14,17,0
1287,45,14,17,0
1288,45,14,17,0
1289,45,14,17,0
1290,45,14,17,0
1291,45,14,17,0
1292,45,14,17,0
1293,45,14,17,0
1294,45,14,17,0
1295,45,14,17,0
1296,45,14,17,0
1297,45,14,17,0
1298,45,14,17,0
1299,45,14,17,0
1300,45,14,17,0
1301,45,14,17,0
1302,45,14,17,0
1303,45,14,17,0
1304,45,14,17,0
1305,45,14,17,0
1306,45,14,17,0
1307,45,14,17,0
1308,45,14,17,0
1309,45,14,17,0
1310,45,14,17,0
1311,45,14,17,0
1312,45,14,17,0
1313,45,14,17,0
1314,45,14,17,0
1315,45,14,17,0
1316,45,14,17,0
1317,45,14,17,0
1318,45,14,17,0
1319,45,14,17,0
1320,45,14,17,0
1321,45,14,17,0
1322,45,14,17,0
1323,45,14,17,0
1324,45,14,17,0
1325,45,14,17,0
1326,45,14,17,0
1327,45,14,17,0
1328,45,14,17,0
1329,45,14,17,0
1330,45,14,17,0
1331,45,14,17,0
1332,45,14,17,0
1333,45,14,17,0
1334,45,14,17,0
1335,45,14,17,0
1336,45,14,17,0
1337,45,14,17,0
1338,45,14,17,0
1339,45,14,17,0
1340,45,14,17,0
1341,45,14,17,0
1342,48,14,18,0
1343,48,14,18,0
1344,48,14,18,0
1345,48,14,18,0
1346,48,14,18,0
1347,48,14,18,0
1348,48,14,18,0
1349,48,14,18,0
1350,48,14,18,0
1351,48,14,18,0
1352,48,14,18,0
1353,48,14,18,0
1354,48,14,18,0
1355,48,14,18,0
1356,48,14,18,0
1357,48,14,18,0
1358,48,14,18,0
1359,48,14,18,0
1360,48,14,18,0
1361,48,14,18,0
1362,48,14,18,0
1363,48,14,18,0
1364,48,14,18,0
1365,49,14,19,0
1366,49,14,19,0
1367,49,14,19,0
1368,49,14,19,0
1369,49,14,19,0
1370,49,14,19,0
1371,49,14,19,0
1372,49,14,19,0
1373,49,14,19,0
1374,51,15,20,0
1375,51,15,20,0
1376,51,15,20,0
1377,51,15,20,0
1378,51,15,20,0
1379,51,15,20,0
1380,51,15,20,0
1381,51,15,20,0
1382,51,15,20,0
1383,51,15,20,0
1384,51,15,20,0
1385,51,15,20,0
1386,51,15,20,0
1387,51,15,20,0
1388,51,15,20,0
1389,51,15,20,0
1390,51,15,20,0
1391,51,15,20,0
1392,51,15,20,0
1393,51,15,20,0
1394,51,15,20,0
1395,51,15,20,0
1396,51,15,20,0
1397,51,15,20,0
1398,51,15,20,0
1399,51,15,20,0
1400,51,15,20,0
1401,51,15,20,0
1402,51,15,20,0
1403,51,15,20,0
1404,51,15,20,0
1405,51,15,20,0
1406,51,15,20,0
1407,51,15,20,0
1408,51,15,20,0
1409,51,15,20,0
1410,51,15,20,0
1411,51,15,20,0
1412,51,15,20,0
1413,51,15,20,0
1414,51,15,20,0
1415,51,15,20,0
1416,51,15,20,0
1417,51,15,20,0
1418,51,15,20,0
1419,51,15,20,0
1420,51,15,20,0
1421,51,15,20,0
1422,53,15,21,0
1423,53,15,21,0
1424,53,15,21,0
1425,53,15,21,0
1426,53,15,21,0
1427,53,15,21,0
1428,53,15,21,0
1429,53,15,21,0
1430,53,15,21,0
1431,53,15,21,0
1432,53,15,21,0
1433,53,15,21,0
1434,53,15,21,0
1435,53,15,21,0
1436,53,15,21,0
1437,53,15,21,0
1438,53,15,21,0
1439,53,15,21,0
1440,53,15,21,0
1441,53,15,21,0
1442,53,15,21,0
1443,53,15,21,0
1444,53,15,21,0
1445,53,15,21,0
1446,53,15,21,0
1447,53,15,21,0
1448,53,15,21,0
1449,53,15,21,0
1450,53,15,21,0
1451,53,15,21,0
1452,53,15,21,0
1453,53,15,21,0
1454,53,15,21,0
1455,53,15,21,0
1456,53,15,21,0
1457,53,15,21,0
1458,53,15,21,0
1459,53,15,21,0
1460,53,15,21,0
1461,53,15,21,0
1462,53,15,21,0
1463,53,15,21,0
1464,53,15,21,0
1465,53,15,21,0
1466,53,15,21,0
1467,53,15,21,0
1468,53,15,21,0
1469,53,15,21,0
1470,53,15,21,0
1471,53,15,21,0
1472,53,15,21,0
1473,53,15,21,0
1474,53,15,21,0
1475,53,15,21,0
1476,53,15,21,0
1477,53,15,21,0
1478,53,15,21,0
1479,53,15,21,0
1480,53,15,21,0
1481,53,15,21,0
1482,53,15,21,0
1483,53,15,21,0
1484,53,15,21,0
1485,53,15,21,0
1486,53,15,21,0
1487,53,15,21,0
1488,53,15,21,0
1489,53,15,21,0
1490,53,15,21,0
1491,53,15,21,0
1492,53,15,21,0
1493,53,15,21,0
1494,53,15,21,0
1495,53,15,21,0
1496,53,15,21,0
1497,53,15,21,0
1498,53,15,21,0
1499,53,15,21,0
1500,53,15,21,0
1501,53,15,21,0
1502,53,15,21,0
1503,53,15,21,0
1504,53,15,21,0
1505,53,15,21,0
1506,53,15,21,0
1507,53,15,21,0
1508,53,15,21,0
1509,53,15,21,0
1510,53,15,21,0
1511,53,15,21,0
1512,53,15,21,0
1513,53,15,21,0
1514,53,15,21,0
1515,53,15,21,0
1516,53,15,21,0
1517,53,15,21,0
1518,53,15,21,0
1519,53,15,21,0
1520,53,15,21,0
1521,53,15,21,0
1522,53,15,21,0
1523,53,15,21,0
1524,53,15,21,0
1525,53,15,21,0
1526,53,15,21,0
1527,53,15,21,0
1528,53,15,21,0
1529,53,15,21,0
1530,53,15,21,0
1531,53,15,21,0
1532,53,15,21,0
1533,53,15,21,0
1534,53,15,21,0
1535,53,15,21,0
1536,53,15,21,0
1537,53,15,21,0
1538,53,15,21,0
1539,53,15,21,0
1540,53,15,21,0
1541,53,15,21,0
1542,53,15,21,0
1543,53,15,21,0
1544,53,15,21,0
1545,53,15,21,0
1546,53,15,21,0
1547,53,15,21,0
1548,53,15,21,0
1549,53,15,21,0
1550,53,15,21,0
1551,53,15,21,0
1552,53,15,21,0
1553,53,15,21,0
1554,53,15,21,0
1555,53,15,21,0
1556,53,15,21,0
1557,53,15,21,0
1558,53,15,21,0
1559,53,15,21,0
1560,53,15,21,0
1561,53,15,21,0
1562,53,15,21,0
1563,53,15,21,0
1564,53,15,21,0
1565,53,15,21,0
1566,53,15,21,0
1567,53,15,21,0
1568,53,15,21,0
1569,53,15,21,0
1570,53,15,21,0
1571,53,15,21,0
1572,53,15,21,0
1573,53,15,21,0
1574,53,15,21,0
1575,53,15,21,0
1576,53,15,21,0
1577,53,15,21,0
1578,53,15,21,0
1579,53,15,21,0
1580,53,15,21,0
1581,53,15,21,0
1582,53,15,21,0
1583,53,15,21,0
1584,53,15,21,0
1585,53,15,21,0
1586,53,15,21,0
1587,53,15,21,0
1588,53,15,21,0
1589,53,15,21,0
1590,53,15,21,0
1591,53,15,21,0
1592,53,15,21,0
1593,53,15,21,0
1594,53,15,21,0
1595,53,15,21,0
1596,53,15,21,0
1597,53,15,21,0
1598,53,15,21,0
1599,53,15,21,0
1600,53,15,21,0
1601,53,15,21,0
1602,53,15,21,0
1603,53,15,21,0
1604,53,15,21,0
1605,53,15,21,0
1606,53,15,21,0
1607,53,15,21,0
1608,53,15,21,0
1609,53,15,21,0
1610,53,15,21,0
1611,53,15,21,0
1612,53,15,21,0
1613,53,15,21,0
1614,53,15,21,0
1615,53,15,21,0
1616,53,15,21,0
1617,53,15,21,0
1618,53,15,21,0
1619,53,15,21,0
1620,53,15,21,0
1621,53,15,21,0
1622,53,15,21,0
1623,53,15,21,0
1624,53,15,21,0
1625,53,15,21,0
1626,53,15,21,0
1627,53,15,21,0
1628,53,15,21,0
1629,53,15,21,0
1630,53,15,21,0
1631,53,15,21,0
1632,53,15,21,0
1633,53,15,21,0
1634,53,15,21,0
1635,53,15,21,0
1636,53,15,21,0
1637,53,15,21,0
1638,53,15,21,0
1639,53,15,21,0
1640,53,15,21,0
1641,53,15,21,0
1642,53,15,21,0
1643,53,15,21,0
1644,53,15,21,0
1645,53,15,21,0
1646,53,15,21,0
1647,53,15,21,0
1648,53,15,21,0
1649,53,15,21,0
1650,53,15,21,0
1651,53,15,21,0
1652,53,15,21,0
1653,53,15,21,0
1654,53,15,21,0
1655,53,15,21,0
1656,53,15,21,0
1657,53,15,21,0
1658,53,15,21,0
1659,53,15,21,0
1660,53,15,21,0
1661,53,15,21,0
1662,53,15,21,0
1663,53,15,21,0
1664,53,15,21,0
1665,53,15,21,0
1666,53,15,21,0
1667,53,15,21,0
1668,53,15,21,0
1669,53,15,21,0
1670,53,15,21,0
1671,53,15,21,0
1672,53,15,21,0
1673,53,15,21,0
1674,53,15,21,0
1675,53,15,21,0
1676,53,15,21,0
1677,53,15,21,0
1678,53,15,21,0
1679,53,15,21,0
1680,53,15,21,0
1681,53,15,21,0
1682,53,15,21,0
1683,53,15,21,0
1684,53,15,21,0
1685,53,15,21,0
1686,53,15,21,0
1687,53,15,21,0
1688,53,15,21,0
1689,53,15,21,0
1690,53,15,21,0
1691,53,15,21,0
1692,53,15,21,0
1693,53,15,21,0
1694,53,15,21,0
1695,53,15,21,0
1696,53,15,21,0
1697,53,15,21,0
1698,53,15,21,0
1699,53,15,21,0
1700,53,15,21,0
1701,53,15,21,0
1702,53,15,21,0
1703,53,15,21,0
1704,53,15,21,0
1705,53,15,21,0
1706,53,15,21,0
1707,53,15,21,0
1708,53,15,21,0
1709,53,15,21,0
1710,53,15,21,0
1711,53,15,21,0
1712,53,15,21,0
1713,53,15,21,0
1714,53,15,21,0
1715,53,15,21,0
1716,53,15,21,0
1717,53,15,21,0
1718,53,15,21,0
1719,53,15,21,0
1720,53,15,21,0
1721,53,15,21,0
1722,53,15,21,0
1723,53,15,21,0
1724,53,15,21,0
1725,53,15,21,0
1726,53,15,21,0
1727,53,15,21,0
1728,53,15,21,0
1729,53,15,21,0
1730,53,15,21,0
1731,53,15,21,0
1732,53,15,21,0
1733,53,15,21,0
1734,53,15,21,0
1735,53,15,21,0
1736,55,15,22,0
1737,55,15,22,0
1738,55,15,22,0
1739,55,15,22,0
1740,55,15,22,0
1741,55,15,22,0
1742,55,15,22,0
1743,55,15,22,0
1744,55,15,22,0
1745,55,15,22,0
1746,55,15,22,0
1747,55,15,22,0
1748,55,15,22,0
1749,55,15,22,0
1750,55,15,22,0
1751,55,15,22,0
1752,55,15,22,0
1753,55,15,22,0
1754,55,15,22,0
1755,55,15,22,0
1756,55,15,22,0
1757,55,15,22,0
1758,55,15,22,0
1759,55,15,22,0
1760,55,15,22,0
1761,55,15,22,0
1762,55,15,22,0
1763,55,15,22,0
1764,55,15,22,0
1765,55,15,22,0
1766,55,15,22,0
1767,55,15,22,0
1768,55,15,22,0
1769,55,15,22,0
1770,55,15,22,0
1771,55,15,22,0
1772,55,15,22,0
1773,55,15,22,0
1774,55,15,22,0
1775,55,15,22,0
1776,55,15,22,0
1777,55,15,22,0
1778,55,15,22,0
1779,55,15,22,0
1780,55,15,22,0
1781,55,15,22,0
1782,55,15,22,0
1783,55,15,22,0
1784,55,15,22,0
1785,55,15,22,0
1786,55,15,22,0
1787,55,15,22,0
1788,55,15,22,0
1789,55,15,22,0
1790,55,15,22,0
1791,55,15,22,0
1792,55,15,22,0
1793,55,15,22,0
1794,55,15,22,0
1795,55,15,22,0
1796,55,15,22,0
1797,55,15,22,0
1798,55,15,22,0
1799,55,15,22,0
1800,55,15,22,0
1801,55,15,22,0
1802,55,15,22,0
1803,55,15,22,0
1804,55,15,22,0
1805,57,15,23,0
1806,57,15,23,0
1807,57,15,23,0
1808,57,15,23,0
1809,57,15,23,0
1810,57,15,23,0
1811,57,15,23,0
1812,57,15,23,0
1813,57,15,23,0
1814,57,15,23,0
1815,57,15,23,0
1816,57,15,23,0
1817,57,15,23,0
1818,57,15,23,0
1819,57,15,23,0
1820,57,15,23,0
1821,57,15,23,0
1822,57,15,23,0
1823,57,15,23,0
1824,57,15,23,0
1825,57,15,23,0
1826,57,15,23,0
1827,57,15,23,0
1828,58,15,24,0
1829,58,15,24,0
1830,58,15,24,0
1831,58,15,24,0
1832,58,15,24,0
1833,58,15,24,0
1834,58,15,24,0
1835,58,15,24,0
1836,58,15,24,0
1837,58,15,24,0
1838,58,15,24,0
1839,58,15,24,0
1840,58,15,24,0
1841,58,15,24,0
1842,58,15,24,0
1843,58,15,24,0
1844,58,15,24,0
1845,58,15,24,0
1846,58,15,24,0
1847,58,15,24,0
1848,58,15,24,0
1849,58,15,24,0
1850,58,15,24,0
1851,58,15,24,0
1852,58,15,24,0
1853,58,15,24,0
1854,58,15,24,0
1855,58,15,24,0
1856,58,15,24,0
1857,58,15,24,0
1858,58,15,24,0
1859,58,15,24,0
1860,58,15,24,0
1861,58,15,24,0
1862,58,15,24,0
1863,58,15,24,0
1864,58,15,24,0
1865,58,15,24,0
1866,58,15,24,0
1867,58,15,24,0
1868,58,15,24,0
1869,58,15,24,0
1870,58,15,24,0
1871,58,15,24,0
1872,58,15,24,0
1873,58,15,24,0
1874,58,15,24,0
1875,58,15,24,0
1876,58,15,24,0
1877,58,15,24,0
1878,58,15,24,0
1879,58,15,24,0
1880,58,15,24,0
1881,58,15,24,0
1882,58,15,24,0
1883,58,15,24,0
1884,58,15,24,0
1885,58,15,24,0
1886,58,15,24,0
1887,58,15,24,0
1888,58,15,24,0
1889,58,15,24,0
1890,58,15,24,0
1891,58,15,24,0
1892,58,15,24,0
1893,58,15,24,0
1894,58,15,24,0
1895,58,15,24,0
1896,58,15,24,0
1897,58,15,24,0
1898,58,15,24,0
1899,58,15,24,0
1900,58,15,24,0
1901,58,15,24,0
1902,58,15,24,0
1903,58,15,24,0
1904,58,15,24,0
1905,58,15,24,0
1906,58,15,24,0
1907,58,15,24,0
1908,58,15,24,0
1909,58,15,24,0
1910,58,15,24,0
1911,58,15,24,0
1912,58,15,24,0
1913,58,15,24,0
1914,58,15,24,0
1915,58,15,24,0
1916,58,15,24,0
1917,58,15,24,0
1918,58,15,24,0
1919,58,15,24,0
1920,58,15,24,0
1921,58,15,24,0
1922,58,15,24,0
1923,58,15,24,0
1924,58,15,24,0
1925,58,15,24,0
1926,58,15,24,0
1927,58,15,24,0
1928,58,15,24,0
1929,58,15,24,0
1930,58,15,24,0
1931,58,15,24,0
1932,58,15,24,0
1933,58,15,24,0
1934,58,15,24,0
1935,58,15,24,0
1936,58,15,24,0
1937,58,15,24,0
1938,58,15,24,0
1939,58,15,24,0
1940,58,15,24,0
1941,58,15,24,0
1942,58,15,24,0
1943,58,15,24,0
1944,58,15,24,0
1945,58,15,24,0
1946,58,15,24,0
1947,58,15,24,0
1948,58,15,24,0
1949,58,15,24,0
1950,58,15,24,0
1951,58,15,24,0
1952,58,15,24,0
1953,58,15,24,0
1954,58,15,24,0
1955,58,15,24,0
1956,58,15,24,0
1957,58,15,24,0
1958,58,15,24,0
1959,58,15,24,0
1960,58,15,24,0
1961,58,15,24,0
1962,58,15,24,0
1963,58,15,24,0
1964,58,15,24,0
1965,58,15,24,0
1966,58,15,24,0
1967,58,15,24,0
1968,58,15,24,0
1969,58,15,24,0
1970,58,15,24,0
1971,58,15,24,0
1972,58,15,24,0
1973,58,15,24,0
1974,58,15,24,0
1975,58,15,24,0
1976,58,15,24,0
1977,58,15,24,0
1978,58,15,24,0
1979,58,15,24,0
1980,58,15,24,0
1981,58,15,24,0
1982,58,15,24,0
1983,58,15,24,0
1984,58,15,24,0
1985,58,15,24,0
1986,58,15,24,0
1987,58,15,24,0
1988,58,15,24,0
1989,58,15,24,0
1990,58,15,24,0
1991,58,15,24,0
1992,58,15,24,0
1993,58,15,24,0
1994,58,15,24,0
1995,58,15,24,0
1996,58,15,24,0
1997,58,15,24,0
1998,58,15,24,0
1999,58,15,24,0
2000,58,15,24,0
2001,58,15,24,0
2002,58,15,24,0
2003,58,15,24,0
2004,58,15,24,0
2005,58,15,24,0
2006,58,15,24,0
2007,58,15,24,0
2008,58,15,24,0
2009,58,15,24,0
2010,58,15,24,0
2011,58,15,24,0
2012,58,15,24,0
2013,58,15,24,0
2014,58,15,24,0
2015,58,15,24,0
2016,58,15,24,0
2017,58,15,24,0
2018,58,15,24,0
2019,58,15,24,0
2020,58,15,24,0
2021,58,15,24,0
2022,58,15,24,0
2023,58,15,24,0
2024,58,15,24,0
2025,58,15,24,0
2026,58,15,24,0
2027,58,15,24,0
2028,58,15,24,0
2029,58,15,24,0
2030,58,15,24,0
2031,58,15,24,0
2032,58,15,24,0
2033,58,15,24,0
2034,58,15,24,0
2035,58,15,24,0
2036,58,15,24,0
2037,58,15,24,0
2038,58,15,24,0
2039,58,15,24,0
2040,58,15,24,0
2041,58,15,24,0
2042,58,15,24,0
2043,58,15,24,0
2044,58,15,24,0
2045,58,15,24,0
2046,58,15,24,0
2047,58,15,24,0
2048,58,15,24,0
2049,58,15,24,0
2050,58,15,24,0
2051,58,15,24,0
2052,58,15,24,0
2053,58,15,24,0
2054,58,15,24,0
2055,58,15,24,0
2056,58,15,24,0
2057,58,15,24,0
2058,58,15,24,0
2059,58,15,24,0
2060,58,15,24,0
2061,58,15,24,0
2062,58,15,24,0
2063,58,15,24,0
2064,58,15,24,0
2065,58,15,24,0
2066,58,15,24,0
2067,58,15,24,0
2068,58,15,24,0
2069,58,15,24,0
2070,58,15,24,0
2071,58,15,24,0
2072,58,15,24,0
2073,58,15,24,0
2074,58,15,24,0
2075,58,15,24,0
2076,58,15,24,0
2077,58,15,24,0
2078,58,15,24,0
2079,58,15,24,0
2080,58,15,24,0
2081,58,15,24,0
2082,58,15,24,0
2083,58,15,24,0
2084,58,15,24,0
2085,58,15,24,0
2086,58,15,24,0
2087,58,15,24,0
2088,58,15,24,0
2089,58,15,24,0
2090,58,15,24,0
2091,58,15,24,0
2092,58,15,24,0
2093,58,15,24,0
2094,58,15,24,0
2095,58,15,24,0
2096,58,15,24,0
2097,58,15,24,0
2098,58,15,24,0
2099,58,15,24,0
2100,58,15,24,0
2101,58,15,24,0
2102,58,15,24,0
2103,58,15,24,0
2104,58,15,24,0
2105,58,15,24,0
2106,58,15,24,0
2107,58,15,24,0
2108,58,15,24,0
2109,58,15,24,0
2110,58,15,24,0
2111,58,15,24,0
2112,58,15,24,0
2113,58,15,24,0
2114,58,15,24,0
2115,58,15,24,0
2116,58,15,24,0
2117,58,15,24,0
2118,58,15,24,0
2119,58,15,24,0
2120,58,15,24,0
2121,58,15,24,0
2122,58,15,24,0
2123,58,15,24,0
2124,58,15,24,0
2125,58,15,24,0
2126,58,15,24,0
2127,58,15,24,0
2128,58,15,24,0
2129,58,15,24,0
2130,58,15,24,0
2131,58,15,24,0
2132,58,15,24,0
2133,58,15,24,0
2134,58,15,24,0
2135,58,15,24,0
2136,58,15,24,0
2137,58,15,24,0
2138,58,15,24,0
2139,58,15,24,0
2140,58,15,24,0
2141,58,15,24,0
2142,58,15,24,0
2143,58,15,24,0
2144,58,15,24,0
2145,58,15,24,0
2146,58,15,24,0
2147,58,15,24,0
2148,58,15,24,0
2149,58,15,24,0
2150,58,15,24,0
2151,58,15,24,0
2152,58,15,24,0
2153,58,15,24,0
2154,58,15,24,0
2155,58,15,24,0
2156,58,15,24,0
2157,58,15,24,0
2158,58,15,24,0
2159,58,15,24,0
2160,58,15,24,0
2161,58,15,24,0
2162,58,15,24,0
2163,58,15,24,0
2164,58,15,24,0
2165,58,15,24,0
2166,58,15,24,0
2167,58,15,24,0
2168,58,15,24,0
2169,58,15,24,0
2170,58,15,24,0
2171,58,15,24,0
2172,58,15,24,0
2173,58,15,24,0
2174,58,15,24,0
2175,58,15,24,0
2176,58,15,24,0
2177,58,15,24,0
2178,58,15,24,0
2179,58,15,24,0
2180,58,15,24,0
2181,58,15,24,0
2182,58,15,24,0
2183,58,15,24,0
2184,58,15,24,0
2185,58,15,24,0
2186,58,15,24,0
2187,58,15,24,0
2188,58,15,24,0
2189,58,15,24,0
2190,58,15,24,0
2191,58,15,24,0
2192,58,15,24,0
2193,58,15,24,0
2194,58,15,24,0
2195,58,15,24,0
2196,58,15,24,0
2197,58,15,24,0
2198,58,15,24,0
2199,58,15,24,0
2200,58,15,24,0
2201,58,15,24,0
2202,58,15,24,0
2203,58,15,24,0
2204,58,15,24,0
2205,58,15,24,0
2206,58,15,24,0
2207,58,15,24,0
2208,58,15,24,0
2209,58,15,24,0
2210,58,15,24,0
2211,58,15,24,0
2212,58,15,24,0
2213,58,15,24,0
2214,58,15,24,0
2215,58,15,24,0
2216,58,15,24,0
2217,58,15,24,0
2218,58,15,24,0
2219,58,15,24,0
2220,58,15,24,0
2221,58,15,24,0
2222,58,15,24,0
2223,58,15,24,0
2224,58,15,24,0
2225,58,15,24,0
2226,58,15,24,0
2227,58,15,24,0
2228,58,15,24,0
2229,58,15,24,0
2230,58,15,24,0
2231,58,15,24,0
2232,58,15,24,0
2233,58,15,24,0
2234,58,15,24,0
2235,58,15,24,0
2236,58,15,24,0
2237,58,15,24,0
2238,58,15,24,0
2239,58,15,24,0
2240,58,15,24,0
2241,58,15,24,0
2242,58,15,24,0
2243,58,15,24,0
2244,58,15,24,0
2245,58,15,24,0
2246,58,15,24,0
2247,58,15,24,0
2248,58,15,24,0
2249,58,15,24,0
2250,58,15,24,0
2251,58,15,24,0
2252,58,15,24,0
2253,58,15,24,0
2254,58,15,24,0
2255,58,15,24,0
2256,58,15,24,0
2257,58,15,24,0
2258,58,15,24,0
2259,58,15,24,0
2260,58,15,24,0
2261,58,15,24,0
2262,58,15,24,0
2263,58,15,24,0
2264,58,15,24,0
2265,58,15,24,0
2266,58,15,24,0
2267,58,15,24,0
2268,58,15,24,0
2269,58,15,24,0
2270,58,15,24,0
2271,58,15,24,0
2272,58,15,24,0
2273,58,15,24,0
2274,58,15,24,0
2275,58,15,24,0
2276,58,15,24,0
2277,58,15,24,0
2278,58,15,24,0
2279,58,15,24,0
2280,58,15,24,0
2281,58,15,24,0
2282,58,15,24,0
2283,58,15,24,0
2284,58,15,24,0
2285,58,15,24,0
2286,58,15,24,0
2287,58,15,24,0
2288,58,15,24,0
2289,58,15,24,0
2290,58,15,24,0
2291,58,15,24,0
2292,58,15,24,0
2293,58,15,24,0
2294,58,15,24,0
2295,58,15,24,0
2296,58,15,24,0
2297,58,15,24,0
2298,58,15,24,0
2299,58,15,24,0
2300,58,15,24,0
2301,58,15,24,0
2302,58,15,24,0
2303,58,15,24,0
2304,58,15,24,0
2305,58,15,24,0
2306,58,15,24,0
2307,58,15,24,0
2308,58,15,24,0
2309,58,15,24,0
2310,58,15,24,0
2311,58,15,24,0
2312,58,15,24,0
2313,58,15,24,0
2314,58,15,24,0
2315,58,15,24,0
2316,58,15,24,0
2317,58,15,24,0
2318,58,15,24,0
2319,58,15,24,0
2320,58,15,24,0
2321,58,15,24,0
2322,58,15,24,0
2323,58,15,24,0
2324,58,15,24,0
2325,58,15,24,0
2326,58,15,24,0
2327,58,15,24,0
2328,58,15,24,0
2329,58,15,24,0
2330,58,15,24,0
2331,58,15,24,0
2332,58,15,24,0
2333,58,15,24,0
2334,58,15,24,0
2335,58,15,24,0
2336,58,15,24,0
2337,58,15,24,0
2338,58,15,24,0
2339,58,15,24,0
2340,58,15,24,0
2341,58,15,24,0
2342,58,15,24,0
2343,58,15,24,0
2344,58,15,24,0
2345,58,15,24,0
2346,58,15,24,0
2347,58,15,24,0
2348,58,15,24,0
2349,58,15,24,0
2350,58,15,24,0
2351,58,15,24,0
2352,58,15,24,0
2353,58,15,24,0
2354,58,15,24,0
2355,58,15,24,0
2356,58,15,24,0
2357,58,15,24,0
2358,58,15,24,0
2359,58,15,24,0
2360,58,15,24,0
2361,58,15,24,0
2362,58,15,24,0
2363,58,15,24,0
2364,58,15,24,0
2365,58,15,24,0
2366,58,15,24,0
2367,58,15,24,0
2368,58,15,24,0
2369,58,15,24,0
2370,58,15,24,0
2371,58,15,24,0
2372,58,15,24,0
2373,58,15,24,0
2374,58,15,24,0
2375,58,15,24,0
2376,58,15,24,0
2377,58,15,24,0
2378,58,15,24,0
2379,58,15,24,0
2380,58,15,24,0
2381,58,15,24,0
2382,58,15,24,0
2383,59,15,25,0
2384,59,15,25,0
2385,59,15,25,0
2386,59,15,25,0
2387,59,15,25,0
2388,59,15,25,0
2389,59,15,25,0
2390,59,15,25,0
2391,59,15,25,0
2392,59,15,25,0
2393,59,15,25,0
2394,59,15,25,0
2395,59,15,25,0
2396,59,15,25,0
2397,59,15,25,0
2398,59,15,25,0
2399,59,15,25,0
2400,59,15,25,0
2401,59,15,25,0
2402,59,15,25,0
2403,59,15,25,0
2404,59,15,25,0
2405,59,15,25,0
2406,59,15,25,0
2407,59,15,25,0
2408,59,15,25,0
2409,59,15,25,0
2410,59,15,25,0
2411,59,15,25,0
2412,59,15,25,0
2413,59,15,25,0
2414,59,15,25,0
2415,59,15,25,0
2416,59,15,25,0
2417,59,15,25,0
2418,59,15,25,0
2419,59,15,25,0
2420,59,15,25,0
2421,59,15,25,0
2422,59,15,25,0
2423,59,15,25,0
2424,59,15,25,0
2425,59,15,25,0
2426,59,15,25,0
2427,59,15,25,0
2428,59,15,25,0
2429,59,15,25,0
2430,59,15,25,0
2431,59,15,25,0
2432,59,15,25,0
2433,59,15,25,0
2434,59,15,25,0
2435,59,15,25,0
2436,59,15,25,0
2437,59,15,25,0
2438,59,15,25,0
2439,59,15,25,0
2440,59,15,25,0
2441,59,15,25,0
2442,59,15,25,0
2443,59,15,25,0
2444,59,15,25,0
2445,59,15,25,0
2446,59,15,25,0
2447,59,15,25,0
2448,59,15,25,0
2449,59,15,25,0
2450,59,15,25,0
2451,59,15,25,0
2452,59,15,25,0
2453,59,15,25,0
2454,59,15,25,0
2455,59,15,25,0
2456,59,15,25,0
2457,59,15,25,0
2458,59,15,25,0
2459,59,15,25,0
2460,59,15,25,0
2461,59,15,25,0
2462,59,15,25,0
2463,59,15,25,0
2464,59,15,25,0
2465,59,15,25,0
2466,59,15,25,0
2467,59,15,25,0
2468,59,15,25,0
2469,59,15,25,0
2470,59,15,25,0
2471,59,15,25,0
2472,59,15,25,0
2473,59,15,25,0
2474,59,15,25,0
2475,59,15,25,0
2476,59,15,25,0
2477,59,15,25,0
2478,59,15,25,0
2479,59,15,25,0
2480,59,15,25,0
2481,59,15,25,0
2482,59,15,25,0
2483,59,15,25,0
2484,59,15,25,0
2485,59,15,25,0
2486,59,15,25,0
2487,59,15,25,0
2488,59,15,25,0
2489,59,15,25,0
2490,59,15,25,0
2491,59,15,25,0
2492,59,15,25,0
2493,59,15,25,0
2494,59,15,25,0
2495,59,15,25,0
2496,59,15,25,0
2497,59,15,25,0
2498,59,15,25,0
2499,59,15,25,0
2500,59,15,25,0
2501,59,15,25,0
2502,59,15,25,0
2503,59,15,25,0
2504,59,15,25,0
2505,59,15,25,0
2506,59,15,25,0
2507,59,15,25,0
2508,59,15,25,0
2509,59,15,25,0
2510,59,15,25,0
2511,59,15,25,0
2512,59,15,25,0
2513,59,15,25,0
2514,59,15,25,0
2515,59,15,25,0
2516,59,15,25,0
2517,59,15,25,0
2518,59,15,25,0
2519,59,15,25,0
2520,59,15,25,0
2521,59,15,25,0
2522,59,15,25,0
2523,59,15,25,0
2524,59,15,25,0
2525,59,15,25,0
2526,59,15,25,0
2527,59,15,25,0
2528,59,15,25,0
2529,59,15,25,0
2530,59,15,25,0
2531,59,15,25,0
2532,59,15,25,0
2533,59,15,25,0
2534,59,15,25,0
2535,59,15,25,0
2536,59,15,25,0
2537,59,15,25,0
2538,59,15,25,0
2539,59,15,25,0
2540,59,15,25,0
2541,59,15,25,0
2542,59,15,25,0
2543,59,15,25,0
2544,59,15,25,0
2545,59,15,25,0
2546,59,15,25,0
2547,59,15,25,0
2548,59,15,25,0
2549,59,15,25,0
2550,59,15,25,0
2551,59,15,25,0
2552,59,15,25,0
2553,59,15,25,0
2554,59,15,25,0
2555,59,15,25,0
2556,59,15,25,0
2557,59,15,25,0
2558,59,15,25,0
2559,59,15,25,0
2560,59,15,25,0
2561,59,15,25,0
2562,59,15,25,0
2563,59,15,25,0
2564,59,15,25,0
2565,59,15,25,0
2566,59,15,25,0
2567,59,15,25,0
2568,59,15,25,0
2569,59,15,25,0
2570,59,15,25,0
2571,59,15,25,0
2572,59,15,25,0
2573,59,15,25,0
2574,59,15,25,0
2575,59,15,25,0
2576,59,15,25,0
2577,59,15,25,0
2578,59,15,25,0
2579,59,15,25,0
2580,59,15,25,0
2581,59,15,25,0
2582,59,15,25,0
2583,59,15,25,0
2584,59,15,25,0
2585,59,15,25,0
2586,59,15,25,0
2587,59,15,25,0
2588,59,15,25,0
2589,59,15,25,0
2590,59,15,25,0
2591,59,15,25,0
2592,59,15,25,0
2593,59,15,25,0
2594,59,15,25,0
2595,59,15,25,0
2596,59,15,25,0
2597,59,15,25,0
2598,59,15,25,0
2599,59,15,25,0
2600,59,15,25,0
2601,59,15,25,0
2602,59,15,25,0
2603,59,15,25,0
2604,59,15,25,0
2605,59,15,25,0
2606,59,15,25,0
2607,59,15,25,0
2608,59,15,25,0
2609,59,15,25,0
2610,59,15,25,0
2611,59,15,25,0
2612,59,15,25,0
2613,59,15,25,0
2614,59,15,25,0
2615,59,15,25,0
2616,59,15,25,0
2617,59,15,25,0
2618,59,15,25,0
2619,59,15,25,0
2620,59,15,25,0
2621,59,15,25,0
2622,59,15,25,0
2623,59,15,25,0
2624,59,15,25,0
2625,59,15,25,0
2626,59,15,25,0
2627,59,15,25,0
2628,59,15,25,0
2629,59,15,25,0
2630,59,15,25,0
2631,59,15,25,0
2632,59,15,25,0
2633,59,15,25,0
2634,59,15,25,0
2635,59,15,25,0
2636,59,15,25,0
2637,59,15,25,0
2638,59,15,25,0
2639,59,15,25,0
2640,59,15,25,0
2641,59,15,25,0
2642,59,15,25,0
2643,59,15,25,0
2644,59,15,25,0
2645,59,15,25,0
2646,59,15,25,0
2647,59,15,25,0
2648,59,15,25,0
2649,59,15,25,0
2650,59,15,25,0
2651,59,15,25,0
2652,59,15,25,0
2653,59,15,25,0
2654,59,15,25,0
2655,59,15,25,0
2656,59,15,25,0
2657,59,15,25,0
2658,59,15,25,0
2659,59,15,25,0
2660,59,15,25,0
2661,59,15,25,0
2662,59,15,25,0
2663,59,15,25,0
2664,59,15,25,0
2665,59,15,25,0
2666,59,15,25,0
2667,59,15,25,0
2668,59,15,25,0
2669,59,15,25,0
2670,59,15,25,0
2671,59,15,25,0
2672,59,15,25,0
2673,59,15,25,0
2674,59,15,25,0
2675,59,15,25,0
2676,59,15,25,0
2677,59,15,25,0
2678,59,15,25,0
2679,59,15,25,0
2680,59,15,25,0
2681,59,15,25,0
2682,59,15,25,0
2683,59,15,25,0
2684,59,15,25,0
2685,59,15,25,0
2686,59,15,25,0
2687,59,15,25,0
2688,59,15,25,0
2689,59,15,25,0
2690,59,15,25,0
2691,59,15,25,0
2692,59,15,25,0
2693,59,15,25,0
2694,59,15,25,0
2695,59,15,25,0
2696,59,15,25,0
2697,59,15,25,0
2698,59,15,25,0
2699,59,15,25,0
2700,61,15,26,0
2701,61,15,26,0
2702,61,15,26,0
2703,61,15,26,0
2704,61,15,26,0
2705,61,15,26,0
2706,61,15,26,0
2707,61,15,26,0
2708,61,15,26,0
2709,61,15,26,0
2710,61,15,26,0
2711,61,15,26,0
2712,61,15,26,0
2713,61,15,26,0
2714,61,15,26,0
2715,61,15,26,0
2716,61,15,26,0
2717,61,15,26,0
2718,61,15,26,0
2719,61,15,26,0
2720,61,15,26,0
2721,61,15,26,0
2722,61,15,26,0
2723,61,15,26,0
2724,61,15,26,0
2725,61,15,26,0
2726,61,15,26,0
2727,61,15,26,0
2728,61,15,26,0
2729,61,15,26,0
2730,61,15,26,0
2731,61,15,26,0
2732,61,15,26,0
2733,61,15,26,0
2734,61,15,26,0
2735,61,15,26,0
2736,61,15,26,0
2737,61,15,26,0
2738,61,15,26,0
2739,61,15,26,0
2740,61,15,26,0
2741,61,15,26,0
2742,61,15,26,0
2743,61,15,26,0
2744,61,15,26,0
2745,61,15,26,0
2746,61,15,26,0
2747,61,15,26,0
2748,61,15,26,0
2749,61,15,26,0
2750,61,15,26,0
2751,61,15,26,0
2752,61,15,26,0
2753,61,15,26,0
2754,61,15,26,0
2755,61,15,26,0
2756,61,15,26,0
2757,61,15,26,0
2758,61,15,26,0
2759,61,15,26,0
2760,61,15,26,0
2761,61,15,26,0
2762,61,15,26,0
2763,61,15,26,0
2764,61,15,26,0
2765,61,15,26,0
2766,61,15,26,0
2767,61,15,26,0
2768,61,15,26,0
2769,61,15,26,0
2770,61,15,26,0
2771,61,15,26,0
2772,61,15,26,0
2773,61,15,26,0
2774,61,15,26,0
2775,61,15,26,0
2776,61,15,26,0
2777,61,15,26,0
2778,61,15,26,0
2779,61,15,26,0
2780,61,15,26,0
2781,61,15,26,0
2782,61,15,26,0
2783,61,15,26,0
2784,61,15,26,0
2785,61,15,26,0
2786,61,15,26,0
2787,61,15,26,0
2788,61,15,26,0
2789,61,15,26,0
2790,61,15,26,0
2791,61,15,26,0
2792,61,15,26,0
2793,61,15,26,0
2794,61,15,26,0
2795,61,15,26,0
2796,61,15,26,0
2797,61,15,26,0
2798,61,15,26,0
2799,61,15,26,0
2800,61,15,26,0
2801,61,15,26,0
2802,61,15,26,0
2803,61,15,26,0
2804,61,15,26,0
2805,61,15,26,0
2806,61,15,26,0
2807,61,15,26,0
2808,61,15,26,0
2809,61,15,26,0
2810,61,15,26,0
2811,61,15,26,0
2812,61,15,26,0
2813,61,15,26,0
2814,61,15,26,0
2815,61,15,26,0
2816,61,15,26,0
2817,61,15,26,0
2818,61,15,26,0
2819,61,15,26,0
2820,61,15,26,0
2821,61,15,26,0
2822,61,15,26,0
2823,61,15,26,0
2824,61,15,26,0
2825,61,15,26,0
2826,61,15,26,0
2827,61,15,26,0
2828,61,15,26,0
2829,61,15,26,0
2830,61,15,26,0
2831,61,15,26,0
2832,61,15,26,0
2833,61,15,26,0
2834,61,15,26,0
2835,61,15,26,0
2836,61,15,26,0
2837,61,15,26,0
2838,61,15,26,0
2839,61,15,26,0
2840,61,15,26,0
2841,61,15,26,0
2842,61,15,26,0
2843,61,15,26,0
2844,61,15,26,0
2845,61,15,26,0
2846,61,15,26,0
2847,61,15,26,0
2848,61,15,26,0
2849,61,15,26,0
2850,61,15,26,0
2851,61,15,26,0
2852,61,15,26,0
2853,61,15,26,0
2854,61,15,26,0
2855,61,15,26,0
2856,61,15,26,0
2857,61,15,26,0
2858,61,15,26,0
2859,61,15,26,0
2860,61,15,26,0
2861,61,15,26,0
2862,61,15,26,0
2863,61,15,26,0
2864,61,15,26,0
2865,61,15,26,0
2866,61,15,26,0
2867,61,15,26,0
2868,61,15,26,0
2869,61,15,26,0
2870,61,15,26,0
2871,61,15,26,0
2872,61,15,26,0
2873,61,15,26,0
2874,61,15,26,0
2875,61,15,26,0
2876,61,15,26,0
2877,61,15,26,0
2878,61,15,26,0
2879,61,15,26,0
2880,61,15,26,0
2881,61,15,26,0
2882,61,15,26,0
2883,61,15,26,0
2884,61,15,26,0
2885,61,15,26,0
2886,61,15,26,0
2887,61,15,26,0
2888,61,15,26,0
2889,61,15,26,0
2890,61,15,26,0
2891,61,15,26,0
2892,61,15,26,0
2893,61,15,26,0
2894,61,15,26,0
2895,61,15,26,0
2896,61,15,26,0
2897,61,15,26,0
2898,61,15,26,0
2899,61,15,26,0
2900,61,15,26,0
2901,61,15,26,0
2902,61,15,26,0
2903,61,15,26,0
2904,61,15,26,0
2905,61,15,26,0
2906,61,15,26,0
2907,61,15,26,0
2908,61,15,26,0
2909,61,15,26,0
2910,61,15,26,0
2911,61,15,26,0
2912,61,15,26,0
2913,61,15,26,0
2914,61,15,26,0
2915,61,15,26,0
2916,61,15,26,0
2917,61,15,26,0
2918,61,15,26,0
2919,61,15,26,0
2920,61,15,26,0
2921,61,15,26,0
2922,61,15,26,0
2923,61,15,26,0
2924,61,15,26,0
2925,61,15,26,0
2926,61,15,26,0
2927,61,15,26,0
2928,61,15,26,0
2929,61,15,26,0
2930,61,15,26,0
2931,61,15,26,0
2932,61,15,26,0
2933,61,15,26,0
2934,61,15,26,0
2935,61,15,26,0
2936,61,15,26,0
2937,61,15,26,0
2938,61,15,26,0
2939,61,15,26,0
2940,61,15,26,0
2941,61,15,26,0
2942,61,15,26,0
2943,61,15,26,0
2944,61,15,26,0
2945,61,15,26,0
2946,61,15,26,0
2947,61,15,26,0
2948,61,15,26,0
2949,61,15,26,0
2950,61,15,26,0
2951,61,15,26,0
2952,61,15,26,0
2953,61,15,26,0
2954,61,15,26,0
2955,61,15,26,0
2956,61,15,26,0
2957,61,15,26,0
2958,61,15,26,0
2959,61,15,26,0
2960,61,15,26,0
2961,61,15,26,0
2962,61,15,26,0
2963,61,15,26,0
2964,61,15,26,0
2965,61,15,26,0
2966,61,15,26,0
2967,61,15,26,0
2968,61,15,26,0
2969,61,15,26,0
2970,61,15,26,0
2971,61,15,26,0
2972,61,15,26,0
2973,61,15,26,0
2974,61,15,26,0
2975,61,15,26,0
2976,61,15,26,0
2977,61,15,26,0
2978,61,15,26,0
2979,61,15,26,0
2980,61,15,26,0
2981,61,15,26,0
2982,61,15,26,0
2983,61,15,26,0
2984,61,15,26,0
2985,61,15,26,0
2986,61,15,26,0
2987,61,15,26,0
2988,61,15,26,0
2989,61,15,26,0
2990,61,15,26,0
2991,61,15,26,0
2992,61,15,26,0
2993,61,15,26,0
2994,61,15,26,0
2995,61,15,26,0
2996,61,15,26,0
2997,61,15,26,0
2998,61,15,26,0
2999,61,15,26,0
3000,61,15,26,0
3001,61,15,26,0
3002,61,15,26,0
3003,61,15,26,0
3004,61,15,26,0
3005,61,15,26,0
3006,61,15,26,0
3007,61,15,26,0
3008,61,15,26,0
3009,61,15,26,0
3010,61,15,26,0
3011,61,15,26,0
3012,61,15,26,0
3013,61,15,26,0
3014,61,15,26,0
3015,61,15,26,0
3016,61,15,26,0
3017,61,15,26,0
3018,61,15,26,0
3019,61,15,26,0
3020,61,15,26,0
3021,61,15,26,0
3022,61,15,26,0
3023,61,15,26,0
3024,61,15,26,0
3025,61,15,26,0
3026,61,15,26,0
3027,61,15,26,0
3028,61,15,26,0
3029,61,15,26,0
3030,61,15,26,0
3031,61,15,26,0
3032,61,15,26,0
3033,61,15,26,0
3034,61,15,26,0
3035,61,15,26,0
3036,61,15,26,0
3037,61,15,26,0
3038,61,15,26,0
3039,61,15,26,0
3040,61,15,26,0
3041,61,15,26,0
3042,61,15,26,0
3043,61,15,26,0
3044,61,15,26,0
3045,61,15,26,0
3046,61,15,26,0
3047,61,15,26,0
3048,61,15,26,0
3049,61,15,26,0
3050,61,15,26,0
3051,61,15,26,0
3052,61,15,26,0
3053,61,15,26,0
3054,61,15,26,0
3055,61,15,26,0
3056,61,15,26,0
3057,61,15,26,0
3058,61,15,26,0
3059,61,15,26,0
3060,61,15,26,0
3061,61,15,26,0
3062,61,15,26,0
3063,61,15,26,0
3064,61,15,26,0
3065,61,15,26,0
3066,61,15,26,0
3067,61,15,26,0
3068,61,15,26,0
3069,61,15,26,0
3070,61,15,26,0
3071,61,15,26,0
3072,61,15,26,0
3073,61,15,26,0
3074,61,15,26,0
3075,61,15,26,0
3076,61,15,26,0
3077,61,15,26,0
3078,61,15,26,0
3079,61,15,26,0
3080,61,15,26,0
3081,61,15,26,0
3082,61,15,26,0
3083,61,15,26,0
3084,61,15,26,0
3085,61,15,26,0
3086,61,15,26,0
3087,61,15,26,0
3088,61,15,26,0
3089,61,15,26,0
3090,61,15,26,0
3091,61,15,26,0
3092,61,15,26,0
3093,61,15,26,0
3094,61,15,26,0
3095,61,15,26,0
3096,61,15,26,0
3097,61,15,26,0
3098,61,15,26,0
3099,61,15,26,0
3100,61,15,26,0
3101,61,15,26,0
3102,61,15,26,0
3103,61,15,26,0
3104,61,15,26,0
3105,61,15,26,0
3106,61,15,26,0
3107,61,15,26,0
3108,61,15,26,0
3109,61,15,26,0
3110,61,15,26,0
3111,61,15,26,0
3112,61,15,26,0
3113,61,15,26,0
3114,61,15,26,0
3115,61,15,26,0
3116,61,15,26,0
3117,61,15,26,0
3118,61,15,26,0
3119,61,15,26,0
3120,61,15,26,0
3121,61,15,26,0
3122,61,15,26,0
3123,61,15,26,0
3124,61,15,26,0
3125,61,15,26,0
3126,61,15,26,0
3127,61,15,26,0
3128,61,15,26,0
3129,61,15,26,0
3130,61,15,26,0
3131,61,15,26,0
3132,61,15,26,0
3133,61,15,26,0
3134,61,15,26,0
3135,61,15,26,0
3136,61,15,26,0
3137,61,15,26,0
3138,61,15,26,0
3139,61,15,26,0
3140,61,15,26,0
3141,61,15,26,0
3142,61,15,26,0
3143,61,15,26,0
3144,61,15,26,0
3145,61,15,26,0
3146,61,15,26,0
3147,61,15,26,0
3148,61,15,26,0
3149,61,15,26,0
3150,61,15,26,0
3151,61,15,26,0
3152,61,15,26,0
3153,61,15,26,0
3154,61,15,26,0
3155,61,15,26,0
3156,61,15,26,0
3157,61,15,26,0
3158,61,15,26,0
3159,61,15,26,0
3160,61,15,26,0
3161,61,15,26,0
3162,61,15,26,0
3163,61,15,26,0
3164,61,15,26,0
3165,61,15,26,0
3166,61,15,26,0
3167,61,15,26,0
3168,61,15,26,0
3169,61,15,26,0
3170,61,15,26,0
3171,61,15,26,0
3172,61,15,26,0
3173,61,15,26,0
3174,61,15,26,0
3175,61,15,26,0
3176,61,15,26,0
3177,61,15,26,0
3178,61,15,26,0
3179,61,15,26,0
3180,61,15,26,0
3181,61,15,26,0
3182,61,15,26,0
3183,61,15,26,0
3184,61,15,26,0
3185,61,15,26,0
3186,61,15,26,0
3187,61,15,26,0
3188,61,15,26,0
3189,61,15,26,0
3190,61,15,26,0
3191,61,15,26,0
3192,61,15,26,0
3193,61,15,26,0
3194,61,15,26,0
3195,61,15,26,0
3196,61,15,26,0
3197,61,15,26,0
3198,61,15,26,0
3199,61,15,26,0
3200,61,15,26,0
3201,61,15,26,0
3202,61,15,26,0
3203,61,15,26,0
3204,61,15,26,0
3205,61,15,26,0
3206,61,15,26,0
3207,61,15,26,0
3208,61,15,26,0
3209,61,15,26,0
3210,61,15,26,0
3211,61,15,26,0
3212,61,15,26,0
3213,61,15,26,0
3214,61,15,26,0
3215,61,15,26,0
3216,61,15,26,0
3217,61,15,26,0
3218,61,15,26,0
3219,61,15,26,0
3220,61,15,26,0
3221,61,15,26,0
3222,61,15,26,0
3223,61,15,26,0
3224,61,15,26,0
3225,61,15,26,0
3226,61,15,26,0
3227,61,15,26,0
3228,61,15,26,0
3229,61,15,26,0
3230,61,15,26,0
3231,61,15,26,0
3232,61,15,26,0
3233,61,15,26,0
3234,61,15,26,0
3235,61,15,26,0
3236,61,15,26,0
3237,61,15,26,0
3238,61,15,26,0
3239,61,15,26,0
3240,61,15,26,0
3241,61,15,26,0
3242,61,15,26,0
3243,61,15,26,0
3244,61,15,26,0
3245,61,15,26,0
3246,61,15,26,0
3247,61,15,26,0
3248,61,15,26,0
3249,61,15,26,0
3250,61,15,26,0
3251,61,15,26,0
3252,61,15,26,0
3253,61,15,26,0
3254,61,15,26,0
3255,61,15,26,0
3256,61,15,26,0
3257,61,15,26,0
3258,61,15,26,0
3259,61,15,26,0
3260,61,15,26,0
3261,61,15,26,0
3262,61,15,26,0
3263,61,15,26,0
3264,61,15,26,0
3265,61,15,26,0
3266,61,15,26,0
3267,61,15,26,0
3268,61,15,26,0
3269,61,15,26,0
3270,61,15,26,0
3271,61,15,26,0
3272,61,15,26,0
3273,61,15,26,0
3274,61,15,26,0
3275,61,15,26,0
3276,61,15,26,0
3277,61,15,26,0
3278,61,15,26,0
3279,61,15,26,0
3280,61,15,26,0
3281,61,15,26,0
3282,61,15,26,0
3283,61,15,26,0
3284,61,15,26,0
3285,61,15,26,0
3286,61,15,26,0
3287,61,15,26,0
3288,61,15,26,0
3289,61,15,26,0
3290,61,15,26,0
3291,61,15,26,0
3292,61,15,26,0
3293,61,15,26,0
3294,61,15,26,0
3295,61,15,26,0
3296,61,15,26,0
3297,61,15,26,0
3298,61,15,26,0
3299,61,15,26,0
3300,61,15,26,0
3301,61,15,26,0
3302,61,15,26,0
3303,61,15,26,0
3304,61,15,26,0
3305,61,15,26,0
3306,61,15,26,0
3307,61,15,26,0
3308,61,15,26,0
3309,61,15,26,0
3310,61,15,26,0
3311,61,15,26,0
3312,61,15,26,0
3313,61,15,26,0
3314,61,15,26,0
3315,61,15,26,0
3316,61,15,26,0
3317,61,15,26,0
3318,61,15,26,0
3319,61,15,26,0
3320,61,15,26,0
3321,61,15,26,0
3322,61,15,26,0
3323,61,15,26,0
3324,61,15,26,0
3325,61,15,26,0
3326,61,15,26,0
3327,61,15,26,0
3328,61,15,26,0
3329,61,15,26,0
3330,61,15,26,0
3331,61,15,26,0
3332,61,15,26,0
3333,61,15,26,0
3334,61,15,26,0
3335,61,15,26,0
3336,61,15,26,0
3337,61,15,26,0
3338,61,15,26,0
3339,61,15,26,0
3340,61,15,26,0
3341,61,15,26,0
3342,61,15,26,0
3343,61,15,26,0
3344,61,15,26,0
3345,61,15,26,0
3346,61,15,26,0
3347,61,15,26,0
3348,61,15,26,0
3349,61,15,26,0
3350,61,15,26,0
3351,61,15,26,0
3352,61,15,26,0
3353,61,15,26,0
3354,61,15,26,0
3355,61,15,26,0
3356,61,15,26,0
3357,61,15,26,0
3358,61,15,26,0
3359,61,15,26,0
3360,61,15,26,0
3361,61,15,26,0
3362,61,15,26,0
3363,61,15,26,0
3364,61,15,26,0
3365,61,15,26,0
3366,61,15,26,0
3367,61,15,26,0
3368,61,15,26,0
3369,61,15,26,0
3370,61,15,26,0
3371,61,15,26,0
3372,61,15,26,0
3373,61,15,26,0
3374,61,15,26,0
3375,61,15,26,0
3376,61,15,26,0
3377,61,15,26,0
3378,61,15,26,0
3379,61,15,26,0
3380,61,15,26,0
3381,61,15,26,0
3382,61,15,26,0
3383,61,15,26,0
3384,61,15,26,0
3385,61,15,26,0
3386,61,15,26,0
3387,61,15,26,0
3388,61,15,26,0
3389,61,15,26,0
3390,61,15,26,0
3391,61,15,26,0
3392,61,15,26,0
3393,61,15,26,0
3394,61,15,26,0
3395,61,15,26,0
3396,61,15,26,0
3397,61,15,26,0
3398,61,15,26,0
3399,61,15,26,0
3400,61,15,26,0
3401,61,15,26,0
3402,61,15,26,0
3403,61,15,26,0
3404,61,15,26,0
3405,61,15,26,0
3406,61,15,26,0
3407,61,15,26,0
3408,61,15,26,0
3409,61,15,26,0
3410,61,15,26,0
3411,61,15,26,0
3412,61,15,26,0
3413,61,15,26,0
3414,61,15,26,0
3415,61,15,26,0
3416,61,15,26,0
3417,61,15,26,0
3418,61,15,26,0
3419,61,15,26,0
3420,61,15,26,0
3421,61,15,26,0
3422,61,15,26,0
3423,61,15,26,0
3424,61,15,26,0
3425,61,15,26,0
3426,61,15,26,0
3427,61,15,26,0
3428,61,15,26,0
3429,61,15,26,0
3430,61,15,26,0
3431,61,15,26,0
3432,61,15,26,0
3433,61,15,26,0
3434,61,15,26,0
3435,61,15,26,0
3436,61,15,26,0
3437,61,15,26,0
3438,61,15,26,0
3439,61,15,26,0
3440,61,15,26,0
3441,61,15,26,0
3442,61,15,26,0
3443,61,15,26,0
3444,61,15,26,0
3445,61,15,26,0
3446,61,15,26,0
3447,61,15,26,0
3448,61,15,26,0
3449,61,15,26,0
3450,61,15,26,0
3451,61,15,26,0
3452,61,15,26,0
3453,61,15,26,0
3454,61,15,26,0
3455,61,15,26,0
3456,61,15,26,0
3457,61,15,26,0
3458,61,15,26,0
3459,61,15,26,0
3460,61,15,26,0
3461,61,15,26,0
3462,61,15,26,0
3463,61,15,26,0
3464,61,15,26,0
3465,61,15,26,0
3466,61,15,26,0
3467,61,15,26,0
3468,61,15,26,0
3469,61,15,26,0
3470,61,15,26,0
3471,61,15,26,0
3472,61,15,26,0
3473,61,15,26,0
3474,61,15,26,0
3475,61,15,26,0
3476,61,15,26,0
3477,61,15,26,0
3478,61,15,26,0
3479,61,15,26,0
3480,61,15,26,0
3481,61,15,26,0
3482,61,15,26,0
3483,61,15,26,0
3484,61,15,26,0
3485,61,15,26,0
3486,61,15,26,0
3487,61,15,26,0
3488,61,15,26,0
3489,61,15,26,0
3490,61,15,26,0
3491,61,15,26,0
3492,61,15,26,0
3493,61,15,26,0
3494,61,15,26,0
3495,61,15,26,0
3496,61,15,26,0
3497,61,15,26,0
3498,61,15,26,0
3499,61,15,26,0
3500,61,15,26,0
3501,61,15,26,0
3502,61,15,26,0
3503,61,15,26,0
3504,61,15,26,0
3505,61,15,26,0
3506,61,15,26,0
3507,61,15,26,0
3508,61,15,26,0
3509,61,15,26,0
3510,61,15,26,0
3511,61,15,26,0
3512,61,15,26,0
3513,61,15,26,0
3514,61,15,26,0
3515,61,15,26,0
3516,61,15,26,0
3517,61,15,26,0
3518,61,15,26,0
3519,61,15,26,0
3520,61,15,26,0
3521,61,15,26,0
3522,61,15,26,0
3523,61,15,26,0
3524,61,15,26,0
3525,61,15,26,0
3526,61,15,26,0
3527,61,15,26,0
3528,61,15,26,0
3529,61,15,26,0
3530,61,15,26,0
3531,61,15,26,0
3532,61,15,26,0
3533,61,15,26,0
3534,61,15,26,0
3535,61,15,26,0
3536,61,15,26,0
3537,61,15,26,0
3538,61,15,26,0
3539,61,15,26,0
3540,61,15,26,0
3541,61,15,26,0
3542,61,15,26,0
3543,61,15,26,0
3544,61,15,26,0
3545,61,15,26,0
3546,61,15,26,0
3547,61,15,26,0
3548,61,15,26,0
3549,61,15,26,0
3550,61,15,26,0
3551,61,15,26,0
3552,61,15,26,0
3553,61,15,26,0
3554,61,15,26,0
3555,61,15,26,0
3556,61,15,26,0
3557,61,15,26,0
3558,61,15,26,0
3559,61,15,26,0
3560,61,15,26,0
3561,61,15,26,0
3562,61,15,26,0
3563,61,15,26,0
3564,61,15,26,0
3565,61,15,26,0
3566,61,15,26,0
3567,61,15,26,0
3568,61,15,26,0
3569,61,15,26,0
3570,61,15,26,0
3571,61,15,26,0
3572,61,15,26,0
3573,61,15,26,0
3574,61,15,26,0
3575,61,15,26,0
3576,61,15,26,0
3577,61,15,26,0
3578,61,15,26,0
3579,61,15,26,0
3580,61,15,26,0
3581,61,15,26,0
3582,61,15,26,0
3583,61,15,26,0
3584,61,15,26,0
3585,61,15,26,0
3586,61,15,26,0
3587,61,15,26,0
3588,61,15,26,0
3589,61,15,26,0
3590,61,15,26,0
3591,61,15,26,0
3592,61,15,26,0
3593,61,15,26,0
3594,61,15,26,0
3595,61,15,26,0
3596,61,15,26,0
3597,61,15,26,0
3598,61,15,26,0
3599,61,15,26,0
3600,61,15,26,0
3601,61,15,26,0
3602,61,15,26,0
3603,61,15,26,0
3604,61,15,26,0
3605,61,15,26,0
3606,61,15,26,0
3607,61,15,26,0
3608,61,15,26,0
3609,61,15,26,0
3610,61,15,26,0
3611,61,15,26,0
3612,61,15,26,0
3613,61,15,26,0
3614,61,15,26,0
3615,61,15,26,0
3616,61,15,26,0
3617,61,15,26,0
3618,61,15,26,0
3619,61,15,26,0
3620,61,15,26,0
3621,61,15,26,0
3622,61,15,26,0
3623,61,15,26,0
3624,61,15,26,0
3625,61,15,26,0
3626,61,15,26,0
3627,61,15,26,0
3628,61,15,26,0
3629,61,15,26,0
3630,61,15,26,0
3631,61,15,26,0
3632,61,15,26,0
3633,61,15,26,0
3634,61,15,26,0
3635,61,15,26,0
3636,61,15,26,0
3637,61,15,26,0
3638,61,15,26,0
3639,61,15,26,0
3640,61,15,26,0
3641,61,15,26,0
3642,61,15,26,0
3643,61,15,26,0
3644,61,15,26,0
3645,61,15,26,0
3646,61,15,26,0
3647,61,15,26,0
3648,61,15,26,0
3649,61,15,26,0
3650,61,15,26,0
3651,61,15,26,0
3652,61,15,26,0
3653,61,15,26,0
3654,61,15,26,0
3655,61,15,26,0
3656,61,15,26,0
3657,61,15,26,0
3658,61,15,26,0
3659,61,15,26,0
3660,61,15,26,0
3661,61,15,26,0
3662,61,15,26,0
3663,61,15,26,0
3664,61,15,26,0
3665,61,15,26,0
3666,61,15,26,0
3667,61,15,26,0
3668,61,15,26,0
3669,61,15,26,0
3670,61,15,26,0
3671,61,15,26,0
3672,61,15,26,0
3673,61,15,26,0
3674,61,15,26,0
3675,61,15,26,0
3676,61,15,26,0
3677,61,15,26,0
3678,61,15,26,0
3679,61,15,26,0
3680,61,15,26,0
3681,61,15,26,0
3682,61,15,26,0
3683,61,15,26,0
3684,61,15,26,0
3685,61,15,26,0
3686,61,15,26,0
3687,61,15,26,0
3688,61,15,26,0
3689,61,15,26,0
3690,61,15,26,0
3691,61,15,26,0
3692,61,15,26,0
3693,61,15,26,0
3694,61,15,26,0
3695,61,15,26,0
3696,61,15,26,0
3697,61,15,26,0
3698,61,15,26,0
3699,61,15,26,0
3700,61,15,26,0
3701,61,15,26,0
3702,61,15,26,0
3703,61,15,26,0
3704,61,15,26,0
3705,61,15,26,0
3706,61,15,26,0
3707,61,15,26,0
3708,61,15,26,0
3709,61,15,26,0
3710,61,15,26,0
3711,61,15,26,0
3712,61,15,26,0
3713,61,15,26,0
3714,61,15,26,0
3715,61,15,26,0
3716,61,15,26,0
3717,61,15,26,0
3718,61,15,26,0
3719,61,15,26,0
3720,61,15,26,0
3721,61,15,26,0
3722,61,15,26,0
3723,61,15,26,0
3724,61,15,26,0
3725,61,15,26,0
3726,61,15,26,0
3727,61,15,26,0
3728,61,15,26,0
3729,61,15,26,0
3730,61,15,26,0
3731,61,15,26,0
3732,61,15,26,0
3733,61,15,26,0
3734,61,15,26,0
3735,61,15,26,0
3736,61,15,26,0
3737,61,15,26,0
3738,61,15,26,0
3739,61,15,26,0
3740,61,15,26,0
3741,61,15,26,0
3742,61,15,26,0
3743,61,15,26,0
3744,61,15,26,0
3745,61,15,26,0
3746,61,15,26,0
3747,61,15,26,0
3748,61,15,26,0
3749,61,15,26,0
3750,61,15,26,0
3751,61,15,26,0
3752,61,15,26,0
3753,61,15,26,0
3754,61,15,26,0
3755,61,15,26,0
3756,61,15,26,0
3757,61,15,26,0
3758,61,15,26,0
3759,61,15,26,0
3760,61,15,26,0
3761,61,15,26,0
3762,61,15,26,0
3763,61,15,26,0
3764,61,15,26,0
3765,61,15,26,0
3766,61,15,26,0
3767,61,15,26,0
3768,61,15,26,0
3769,61,15,26,0
3770,61,15,26,0
3771,61,15,26,0
3772,61,15,26,0
3773,61,15,26,0
3774,61,15,26,0
3775,61,15,26,0
3776,61,15,26,0
3777,61,15,26,0
3778,61,15,26,0
3779,61,15,26,0
3780,61,15,26,0
3781,61,15,26,0
3782,61,15,26,0
3783,61,15,26,0
3784,61,15,26,0
3785,61,15,26,0
3786,61,15,26,0
3787,61,15,26,0
3788,61,15,26,0
3789,61,15,26,0
3790,61,15,26,0
3791,61,15,26,0
3792,61,15,26,0
3793,61,15,26,0
3794,61,15,26,0
3795,61,15,26,0
3796,61,15,26,0
3797,61,15,26,0
3798,61,15,26,0
3799,61,15,26,0
3800,61,15,26,0
3801,61,15,26,0
3802,61,15,26,0
3803,61,15,26,0
3804,61,15,26,0
3805,61,15,26,0
3806,61,15,26,0
3807,61,15,26,0
3808,61,15,26,0
3809,61,15,26,0
3810,61,15,26,0
3811,61,15,26,0
3812,61,15,26,0
3813,61,15,26,0
3814,61,15,26,0
3815,61,15,26,0
3816,61,15,26,0
3817,61,15,26,0
3818,61,15,26,0
3819,61,15,26,0
3820,61,15,26,0
3821,61,15,26,0
3822,61,15,26,0
3823,61,15,26,0
3824,61,15,26,0
3825,61,15,26,0
3826,61,15,26,0
3827,61,15,26,0
3828,61,15,26,0
3829,61,15,26,0
3830,61,15,26,0
3831,61,15,26,0
3832,61,15,26,0
3833,61,15,26,0
3834,61,15,26,0
3835,61,15,26,0
3836,61,15,26,0
3837,61,15,26,0
3838,61,15,26,0
3839,61,15,26,0
3840,61,15,26,0
3841,61,15,26,0
3842,61,15,26,0
3843,61,15,26,0
3844,61,15,26,0
3845,61,15,26,0
3846,61,15,26,0
3847,61,15,26,0
3848,61,15,26,0
3849,61,15,26,0
3850,61,15,26,0
3851,61,15,26,0
3852,61,15,26,0
3853,61,15,26,0
3854,61,15,26,0
3855,61,15,26,0
3856,61,15,26,0
3857,61,15,26,0
3858,61,15,26,0
3859,61,15,26,0
3860,61,15,26,0
3861,61,15,26,0
3862,61,15,26,0
3863,61,15,26,0
3864,61,15,26,0
3865,61,15,26,0
3866,61,15,26,0
3867,61,15,26,0
3868,61,15,26,0
3869,61,15,26,0
3870,61,15,26,0
3871,61,15,26,0
3872,61,15,26,0
3873,61,15,26,0
3874,61,15,26,0
3875,61,15,26,0
3876,61,15,26,0
3877,61,15,26,0
3878,61,15,26,0
3879,61,15,26,0
3880,61,15,26,0
3881,61,15,26,0
3882,61,15,26,0
3883,61,15,26,0
3884,61,15,26,0
3885,61,15,26,0
3886,61,15,26,0
3887,61,15,26,0
3888,61,15,26,0
3889,61,15,26,0
3890,61,15,26,0
3891,61,15,26,0
3892,61,15,26,0
3893,61,15,26,0
3894,61,15,26,0
3895,61,15,26,0
3896,61,15,26,0
3897,61,15,26,0
3898,61,15,26,0
3899,61,15,26,0
3900,61,15,26,0
3901,61,15,26,0
3902,61,15,26,0
3903,61,15,26,0
3904,61,15,26,0
3905,61,15,26,0
3906,61,15,26,0
3907,61,15,26,0
3908,61,15,26,0
3909,61,15,26,0
3910,61,15,26,0
3911,61,15,26,0
3912,61,15,26,0
3913,61,15,26,0
3914,61,15,26,0
3915,61,15,26,0
3916,61,15,26,0
3917,61,15,26,0
3918,61,15,26,0
3919,61,15,26,0
3920,61,15,26,0
3921,61,15,26,0
3922,61,15,26,0
3923,61,15,26,0
3924,61,15,26,0
3925,61,15,26,0
3926,61,15,26,0
3927,61,15,26,0
3928,61,15,26,0
3929,61,15,26,0
3930,61,15,26,0
3931,61,15,26,0
3932,61,15,26,0
3933,61,15,26,0
3934,61,15,26,0
3935,61,15,26,0
3936,61,15,26,0
3937,61,15,26,0
3938,61,15,26,0
3939,61,15,26,0
3940,61,15,26,0
3941,61,15,26,0
3942,61,15,26,0
3943,61,15,26,0
3944,61,15,26,0
3945,61,15,26,0
3946,61,15,26,0
3947,61,15,26,0
3948,61,15,26,0
3949,61,15,26,0
3950,61,15,26,0
3951,61,15,26,0
3952,61,15,26,0
3953,61,15,26,0
3954,61,15,26,0
3955,61,15,26,0
3956,61,15,26,0
3957,61,15,26,0
3958,61,15,26,0
3959,61,15,26,0
3960,61,15,26,0
3961,61,15,26,0
3962,61,15,26,0
3963,61,15,26,0
3964,61,15,26,0
3965,61,15,26,0
3966,61,15,26,0
3967,61,15,26,0
3968,61,15,26,0
3969,61,15,26,0
3970,61,15,26,0
3971,61,15,26,0
3972,61,15,26,0
3973,61,15,26,0
3974,61,15,26,0
3975,61,15,26,0
3976,61,15,26,0
3977,61,15,26,0
3978,61,15,26,0
3979,61,15,26,0
3980,61,15,26,0
3981,61,15,26,0
3982,61,15,26,0
3983,61,15,26,0
3984,61,15,26,0
3985,61,15,26,0
3986,61,15,26,0
3987,61,15,26,0
3988,61,15,26,0
3989,61,15,26,0
3990,61,15,26,0
3991,61,15,26,0
3992,61,15,26,0
3993,61,15,26,0
3994,61,15,26,0
3995,61,15,26,0
3996,61,15,26,0
3997,61,15,26,0
3998,61,15,26,0
3999,61,15,26,0
4000,61,15,26,0
4001,61,15,26,0
4002,61,15,26,0
4003,61,15,26,0
4004,61,15,26,0
4005,61,15,26,0
4006,61,15,26,0
4007,61,15,26,0
4008,61,15,26,0
4009,61,15,26,0
4010,61,15,26,0
4011,61,15,26,0
4012,61,15,26,0
4013,61,15,26,0
4014,61,15,26,0
4015,61,15,26,0
4016,61,15,26,0
4017,61,15,26,0
4018,61,15,26,0
4019,61,15,26,0
4020,61,15,26,0
4021,61,15,26,0
4022,61,15,26,0
4023,61,15,26,0
4024,61,15,26,0
4025,61,15,26,0
4026,61,15,26,0
4027,61,15,26,0
4028,61,15,26,0
4029,61,15,26,0
4030,61,15,26,0
4031,61,15,26,0
4032,61,15,26,0
4033,61,15,26,0
4034,61,15,26,0
4035,61,15,26,0
4036,61,15,26,0
4037,61,15,26,0
4038,61,15,26,0
4039,61,15,26,0
4040,61,15,26,0
4041,61,15,26,0
4042,61,15,26,0
4043,61,15,26,0
4044,61,15,26,0
4045,61,15,26,0
4046,61,15,26,0
4047,61,15,26,0
4048,61,15,26,0
4049,61,15,26,0
4050,61,15,26,0
4051,61,15,26,0
4052,61,15,26,0
4053,61,15,26,0
4054,61,15,26,0
4055,61,15,26,0
4056,61,15,26,0
4057,61,15,26,0
4058,61,15,26,0
4059,61,15,26,0
4060,61,15,26,0
4061,61,15,26,0
4062,61,15,26,0
4063,61,15,26,0
4064,61,15,26,0
4065,61,15,26,0
4066,61,15,26,0
4067,61,15,26,0
4068,61,15,26,0
4069,61,15,26,0
4070,61,15,26,0
4071,61,15,26,0
4072,61,15,26,0
4073,61,15,26,0
4074,61,15,26,0
4075,61,15,26,0
4076,61,15,26,0
4077,61,15,26,0
4078,61,15,26,0
4079,61,15,26,0
4080,61,15,26,0
4081,61,15,26,0
4082,61,15,26,0
4083,61,15,26,0
4084,61,15,26,0
4085,61,15,26,0
4086,61,15,26,0
4087,61,15,26,0
4088,61,15,26,0
4089,61,15,26,0
4090,61,15,26,0
4091,61,15,26,0
4092,61,15,26,0
4093,61,15,26,0
4094,61,15,26,0
4095,61,15,26,0
4096,61,15,26,0
4097,61,15,26,0
4098,61,15,26,0
4099,61,15,26,0
4100,61,15,26,0
4101,61,15,26,0
4102,61,15,26,0
4103,61,15,26,0
4104,61,15,26,0
4105,61,15,26,0
4106,61,15,26,0
4107,61,15,26,0
4108,61,15,26,0
4109,61,15,26,0
4110,61,15,26,0
4111,61,15,26,0
4112,61,15,26,0
4113,61,15,26,0
4114,61,15,26,0
4115,61,15,26,0
4116,61,15,26,0
4117,61,15,26,0
4118,61,15,26,0
4119,61,15,26,0
4120,61,15,26,0
4121,61,15,26,0
4122,61,15,26,0
4123,61,15,26,0
4124,61,15,26,0
4125,61,15,26,0
4126,61,15,26,0
4127,61,15,26,0
4128,61,15,26,0
4129,61,15,26,0
4130,61,15,26,0
4131,61,15,26,0
4132,61,15,26,0
4133,61,15,26,0
4134,61,15,26,0
4135,61,15,26,0
4136,61,15,26,0
4137,61,15,26,0
4138,61,15,26,0
4139,61,15,26,0
4140,61,15,26,0
4141,61,15,26,0
4142,61,15,26,0
4143,61,15,26,0
4144,61,15,26,0
4145,61,15,26,0
4146,61,15,26,0
4147,61,15,26,0
4148,61,15,26,0
4149,61,15,26,0
4150,61,15,26,0
4151,61,15,26,0
4152,61,15,26,0
4153,61,15,26,0
4154,61,15,26,0
4155,61,15,26,0
4156,61,15,26,0
4157,61,15,26,0
4158,61,15,26,0
4159,61,15,26,0
4160,61,15,26,0
4161,62,15,27,0
4162,62,15,27,0
4163,62,15,27,0
4164,62,15,27,0
4165,62,15,27,0
4166,62,15,27,0
4167,62,15,27,0
4168,62,15,27,0
4169,62,15,27,0
4170,62,15,27,0
4171,62,15,27,0
4172,62,15,27,0
4173,62,15,27,0
4174,62,15,27,0
4175,62,15,27,0
4176,62,15,27,0
4177,62,15,27,0
4178,62,15,27,0
4179,62,15,27,0
4180,62,15,27,0
4181,62,15,27,0
4182,62,15,27,0
4183,62,15,27,0
4184,62,15,27,0
4185,62,15,27,0
4186,62,15,27,0
4187,62,15,27,0
4188,62,15,27,0
4189,62,15,27,0
4190,62,15,27,0
4191,62,15,27,0
4192,62,15,27,0
4193,62,15,27,0
4194,62,15,27,0
4195,62,15,27,0
4196,62,15,27,0
4197,62,15,27,0
4198,62,15,27,0
4199,62,15,27,0
4200,62,15,27,0
4201,62,15,27,0
4202,62,15,27,0
4203,62,15,27,0
4204,62,15,27,0
4205,62,15,27,0
4206,62,15,27,0
4207,62,15,27,0
4208,62,15,27,0
4209,62,15,27,0
4210,62,15,27,0
4211,62,15,27,0
4212,62,15,27,0
4213,62,15,27,0
4214,62,15,27,0
4215,62,15,27,0
4216,62,15,27,0
4217,62,15,27,0
4218,62,15,27,0
4219,62,15,27,0
4220,62,15,27,0
4221,62,15,27,0
4222,62,15,27,0
4223,62,15,27,0
4224,62,15,27,0
4225,62,15,27,0
4226,62,15,27,0
4227,62,15,27,0
4228,62,15,27,0
4229,62,15,27,0
4230,62,15,27,0
4231,62,15,27,0
4232,62,15,27,0
4233,62,15,27,0
4234,62,15,27,0
4235,62,15,27,0
4236,62,15,27,0
4237,62,15,27,0
4238,62,15,27,0
4239,62,15,27,0
4240,62,15,27,0
4241,62,15,27,0
4242,62,15,27,0
4243,62,15,27,0
4244,62,15,27,0
4245,62,15,27,0
4246,62,15,27,0
4247,62,15,27,0
4248,62,15,27,0
4249,62,15,27,0
4250,62,15,27,0
4251,62,15,27,0
4252,62,15,27,0
4253,62,15,27,0
4254,62,15,27,0
4255,62,15,27,0
4256,62,15,27,0
4257,62,15,27,0
4258,62,15,27,0
4259,62,15,27,0
4260,62,15,27,0
4261,62,15,27,0
4262,62,15,27,0
4263,62,15,27,0
4264,62,15,27,0
4265,62,15,27,0
4266,62,15,27,0
4267,62,15,27,0
4268,62,15,27,0
4269,62,15,27,0
4270,62,15,27,0
4271,62,15,27,0
4272,62,15,27,0
4273,62,15,27,0
4274,62,15,27,0
4275,62,15,27,0
4276,62,15,27,0
4277,62,15,27,0
4278,62,15,27,0
4279,62,15,27,0
4280,62,15,27,0
4281,62,15,27,0
4282,62,15,27,0
4283,62,15,27,0
4284,62,15,27,0
4285,62,15,27,0
4286,62,15,27,0
4287,62,15,27,0
4288,62,15,27,0
4289,62,15,27,0
4290,62,15,27,0
4291,62,15,27,0
4292,62,15,27,0
4293,62,15,27,0
4294,62,15,27,0
4295,62,15,27,0
4296,62,15,27,0
4297,62,15,27,0
4298,62,15,27,0
4299,62,15,27,0
4300,62,15,27,0
4301,62,15,27,0
4302,62,15,27,0
4303,62,15,27,0
4304,62,15,27,0
4305,62,15,27,0
4306,62,15,27,0
4307,62,15,27,0
4308,62,15,27,0
4309,62,15,27,0
4310,62,15,27,0
4311,62,15,27,0
4312,62,15,27,0
4313,62,15,27,0
4314,62,15,27,0
4315,62,15,27,0
4316,62,15,27,0
4317,62,15,27,0
4318,62,15,27,0
4319,62,15,27,0
4320,62,15,27,0
4321,62,15,27,0
4322,62,15,27,0
4323,62,15,27,0
4324,62,15,27,0
4325,62,15,27,0
4326,62,15,27,0
4327,62,15,27,0
4328,62,15,27,0
4329,62,15,27,0
4330,62,15,27,0
4331,62,15,27,0
4332,62,15,27,0
4333,62,15,27,0
4334,62,15,27,0
4335,62,15,27,0
4336,62,15,27,0
4337,62,15,27,0
4338,62,15,27,0
4339,62,15,27,0
4340,62,15,27,0
4341,62,15,27,0
4342,62,15,27,0
4343,62,15,27,0
4344,62,15,27,0
4345,62,15,27,0
4346,62,15,27,0
4347,62,15,27,0
4348,62,15,27,0
4349,62,15,27,0
4350,62,15,27,0
4351,62,15,27,0
4352,62,15,27,0
4353,62,15,27,0
4354,62,15,27,0
4355,62,15,27,0
4356,62,15,27,0
4357,62,15,27,0
4358,62,15,27,0
4359,62,15,27,0
4360,62,15,27,0
4361,62,15,27,0
4362,62,15,27,0
4363,62,15,27,0
4364,62,15,27,0
4365,62,15,27,0
4366,62,15,27,0
4367,62,15,27,0
4368,62,15,27,0
4369,62,15,27,0
4370,62,15,27,0
4371,62,15,27,0
4372,62,15,27,0
4373,62,15,27,0
4374,62,15,27,0
4375,62,15,27,0
4376,62,15,27,0
4377,62,15,27,0
4378,62,15,27,0
4379,62,15,27,0
4380,62,15,27,0
4381,62,15,27,0
4382,62,15,27,0
4383,62,15,27,0
4384,62,15,27,0
4385,62,15,27,0
4386,62,15,27,0
4387,62,15,27,0
4388,62,15,27,0
4389,62,15,27,0
4390,62,15,27,0
4391,62,15,27,0
4392,62,15,27,0
4393,62,15,27,0
4394,62,15,27,0
4395,62,15,27,0
4396,62,15,27,0
4397,62,15,27,0
4398,62,15,27,0
4399,62,15,27,0
4400,62,15,27,0
4401,62,15,27,0
4402,62,15,27,0
4403,62,15,27,0
4404,62,15,27,0
4405,62,15,27,0
4406,62,15,27,0
4407,62,15,27,0
4408,62,15,27,0
4409,62,15,27,0
4410,62,15,27,0
4411,62,15,27,0
4412,62,15,27,0
4413,62,15,27,0
4414,62,15,27,0
4415,62,15,27,0
4416,62,15,27,0
4417,62,15,27,0
4418,62,15,27,0
4419,62,15,27,0
4420,62,15,27,0
4421,62,15,27,0
4422,62,15,27,0
4423,62,15,27,0
4424,62,15,27,0
4425,62,15,27,0
4426,62,15,27,0
4427,62,15,27,0
4428,62,15,27,0
4429,62,15,27,0
4430,62,15,27,0
4431,62,15,27,0
4432,62,15,27,0
4433,62,15,27,0
4434,62,15,27,0
4435,62,15,27,0
4436,62,15,27,0
4437,62,15,27,0
4438,62,15,27,0
4439,62,15,27,0
4440,62,15,27,0
4441,62,15,27,0
4442,62,15,27,0
4443,62,15,27,0
4444,62,15,27,0
4445,62,15,27,0
4446,62,15,27,0
4447,62,15,27,0
4448,62,15,27,0
4449,62,15,27,0
4450,62,15,27,0
4451,62,15,27,0
4452,62,15,27,0
4453,62,15,27,0
4454,62,15,27,0
4455,62,15,27,0
4456,62,15,27,0
4457,62,15,27,0
4458,62,15,27,0
4459,62,15,27,0
4460,62,15,27,0
4461,62,15,27,0
4462,62,15,27,0
4463,62,15,27,0
4464,62,15,27,0
4465,62,15,27,0
4466,62,15,27,0
4467,62,15,27,0
4468,62,15,27,0
4469,62,15,27,0
4470,62,15,27,0
4471,62,15,27,0
4472,62,15,27,0
4473,62,15,27,0
4474,62,15,27,0
4475,62,15,27,0
4476,62,15,27,0
4477,62,15,27,0
4478,62,15,27,0
4479,62,15,27,0
4480,62,15,27,0
4481,62,15,27,0
4482,62,15,27,0
4483,62,15,27,0
4484,62,15,27,0
4485,62,15,27,0
4486,62,15,27,0
4487,62,15,27,0
4488,62,15,27,0
4489,62,15,27,0
4490,62,15,27,0
4491,62,15,27,0
4492,62,15,27,0
4493,62,15,27,0
4494,62,15,27,0
4495,62,15,27,0
4496,62,15,27,0
4497,62,15,27,0
4498,62,15,27,0
4499,62,15,27,0
4500,62,15,27,0
4501,62,15,27,0
4502,62,15,27,0
4503,62,15,27,0
4504,62,15,27,0
4505,62,15,27,0
4506,62,15,27,0
4507,62,15,27,0
4508,62,15,27,0
4509,62,15,27,0
4510,62,15,27,0
4511,62,15,27,0
4512,62,15,27,0
4513,62,15,27,0
4514,62,15,27,0
4515,62,15,27,0
4516,62,15,27,0
4517,62,15,27,0
4518,62,15,27,0
4519,62,15,27,0
4520,62,15,27,0
4521,62,15,27,0
4522,62,15,27,0
4523,62,15,27,0
4524,62,15,27,0
4525,62,15,27,0
4526,62,15,27,0
4527,62,15,27,0
4528,62,15,27,0
4529,62,15,27,0
4530,62,15,27,0
4531,62,15,27,0
4532,62,15,27,0
4533,62,15,27,0
4534,62,15,27,0
4535,62,15,27,0
4536,62,15,27,0
4537,62,15,27,0
4538,62,15,27,0
4539,62,15,27,0
4540,62,15,27,0
4541,62,15,27,0
4542,62,15,27,0
4543,62,15,27,0
4544,62,15,27,0
4545,62,15,27,0
4546,62,15,27,0
4547,62,15,27,0
4548,62,15,27,0
4549,62,15,27,0
4550,62,15,27,0
4551,62,15,27,0
4552,62,15,27,0
4553,62,15,27,0
4554,62,15,27,0
4555,62,15,27,0
4556,62,15,27,0
4557,62,15,27,0
4558,62,15,27,0
4559,62,15,27,0
4560,62,15,27,0
4561,62,15,27,0
4562,62,15,27,0
4563,62,15,27,0
4564,62,15,27,0
4565,62,15,27,0
4566,62,15,27,0
4567,62,15,27,0
4568,62,15,27,0
4569,62,15,27,0
4570,62,15,27,0
4571,62,15,27,0
4572,62,15,27,0
4573,62,15,27,0
4574,62,15,27,0
4575,62,15,27,0
4576,62,15,27,0
4577,62,15,27,0
4578,62,15,27,0
4579,62,15,27,0
4580,62,15,27,0
4581,62,15,27,0
4582,62,15,27,0
4583,62,15,27,0
4584,62,15,27,0
4585,62,15,27,0
4586,62,15,27,0
4587,62,15,27,0
4588,62,15,27,0
4589,62,15,27,0
4590,62,15,27,0
4591,62,15,27,0
4592,62,15,27,0
4593,62,15,27,0
4594,62,15,27,0
4595,62,15,27,0
4596,62,15,27,0
4597,62,15,27,0
4598,62,15,27,0
4599,62,15,27,0
4600,62,15,27,0
4601,62,15,27,0
4602,62,15,27,0
4603,62,15,27,0
4604,62,15,27,0
4605,62,15,27,0
4606,62,15,27,0
4607,62,15,27,0
4608,62,15,27,0
4609,62,15,27,0
4610,62,15,27,0
4611,62,15,27,0
4612,62,15,27,0
4613,62,15,27,0
4614,62,15,27,0
4615,62,15,27,0
4616,62,15,27,0
4617,62,15,27,0
4618,62,15,27,0
4619,62,15,27,0
4620,62,15,27,0
4621,62,15,27,0
4622,62,15,27,0
4623,62,15,27,0
4624,62,15,27,0
4625,62,15,27,0
4626,62,15,27,0
4627,62,15,27,0
4628,62,15,27,0
4629,62,15,27,0
4630,62,15,27,0
4631,62,15,27,0
4632,62,15,27,0
4633,62,15,27,0
4634,62,15,27,0
4635,62,15,27,0
4636,62,15,27,0
4637,62,15,27,0
4638,62,15,27,0
4639,62,15,27,0
4640,62,15,27,0
4641,62,15,27,0
4642,62,15,27,0
4643,62,15,27,0
4644,62,15,27,0
4645,62,15,27,0
4646,62,15,27,0
4647,62,15,27,0
4648,62,15,27,0
4649,62,15,27,0
4650,62,15,27,0
4651,62,15,27,0
4652,62,15,27,0
4653,62,15,27,0
4654,62,15,27,0
4655,62,15,27,0
4656,62,15,27,0
4657,62,15,27,0
4658,62,15,27,0
4659,62,15,27,0
4660,62,15,27,0
4661,62,15,27,0
4662,62,15,27,0
4663,62,15,27,0
4664,62,15,27,0
4665,62,15,27,0
4666,62,15,27,0
4667,62,15,27,0
4668,62,15,27,0
4669,62,15,27,0
4670,62,15,27,0
4671,62,15,27,0
4672,62,15,27,0
4673,62,15,27,0
4674,62,15,27,0
4675,62,15,27,0
4676,62,15,27,0
4677,62,15,27,0
4678,62,15,27,0
4679,62,15,27,0
4680,62,15,27,0
4681,62,15,27,0
4682,62,15,27,0
4683,62,15,27,0
4684,62,15,27,0
4685,62,15,27,0
4686,62,15,27,0
4687,62,15,27,0
4688,62,15,27,0
4689,62,15,27,0
4690,62,15,27,0
4691,62,15,27,0
4692,62,15,27,0
4693,62,15,27,0
4694,62,15,27,0
4695,62,15,27,0
4696,62,15,27,0
4697,62,15,27,0
4698,62,15,27,0
4699,62,15,27,0
4700,62,15,27,0
4701,62,15,27,0
4702,62,15,27,0
4703,62,15,27,0
4704,62,15,27,0
4705,62,15,27,0
4706,62,15,27,0
4707,62,15,27,0
4708,62,15,27,0
4709,62,15,27,0
4710,62,15,27,0
4711,62,15,27,0
4712,62,15,27,0
4713,62,15,27,0
4714,62,15,27,0
4715,62,15,27,0
4716,62,15,27,0
4717,62,15,27,0
4718,62,15,27,0
4719,62,15,27,0
4720,62,15,27,0
4721,62,15,27,0
4722,62,15,27,0
4723,62,15,27,0
4724,62,15,27,0
4725,62,15,27,0
4726,62,15,27,0
4727,62,15,27,0
4728,62,15,27,0
4729,62,15,27,0
4730,62,15,27,0
4731,62,15,27,0
4732,62,15,27,0
4733,62,15,27,0
4734,62,15,27,0
4735,62,15,27,0
4736,62,15,27,0
4737,62,15,27,0
4738,62,15,27,0
4739,62,15,27,0
4740,62,15,27,0
4741,62,15,27,0
4742,62,15,27,0
4743,62,15,27,0
4744,62,15,27,0
4745,62,15,27,0
4746,62,15,27,0
4747,62,15,27,0
4748,62,15,27,0
4749,62,15,27,0
4750,62,15,27,0
4751,62,15,27,0
4752,62,15,27,0
4753,62,15,27,0
4754,62,15,27,0
4755,62,15,27,0
4756,62,15,27,0
4757,62,15,27,0
4758,62,15,27,0
4759,62,15,27,0
4760,62,15,27,0
4761,62,15,27,0
4762,62,15,27,0
4763,62,15,27,0
4764,62,15,27,0
4765,62,15,27,0
4766,62,15,27,0
4767,62,15,27,0
4768,62,15,27,0
4769,62,15,27,0
4770,62,15,27,0
4771,62,15,27,0
4772,62,15,27,0
4773,62,15,27,0
4774,62,15,27,0
4775,62,15,27,0
4776,62,15,27,0
4777,62,15,27,0
4778,62,15,27,0
4779,62,15,27,0
4780,62,15,27,0
4781,62,15,27,0
4782,62,15,27,0
4783,62,15,27,0
4784,62,15,27,0
4785,62,15,27,0
4786,62,15,27,0
4787,62,15,27,0
4788,62,15,27,0
4789,62,15,27,0
4790,62,15,27,0
4791,62,15,27,0
4792,62,15,27,0
4793,62,15,27,0
4794,62,15,27,0
4795,62,15,27,0
4796,62,15,27,0
4797,62,15,27,0
4798,62,15,27,0
4799,62,15,27,0
4800,62,15,27,0
4801,62,15,27,0
4802,62,15,27,0
4803,62,15,27,0
4804,62,15,27,0
4805,62,15,27,0
4806,62,15,27,0
4807,62,15,27,0
4808,62,15,27,0
4809,62,15,27,0
4810,62,15,27,0
4811,62,15,27,0
4812,62,15,27,0
4813,62,15,27,0
4814,62,15,27,0
4815,62,15,27,0
4816,62,15,27,0
4817,62,15,27,0
4818,62,15,27,0
4819,62,15,27,0
4820,62,15,27,0
4821,62,15,27,0
4822,62,15,27,0
4823,62,15,27,0
4824,62,15,27,0
4825,62,15,27,0
4826,62,15,27,0
4827,62,15,27,0
4828,62,15,27,0
4829,62,15,27,0
4830,62,15,27,0
4831,62,15,27,0
4832,62,15,27,0
4833,62,15,27,0
4834,62,15,27,0
4835,62,15,27,0
4836,62,15,27,0
4837,62,15,27,0
4838,62,15,27,0
4839,62,15,27,0
4840,62,15,27,0
4841,62,15,27,0
4842,62,15,27,0
4843,62,15,27,0
4844,62,15,27,0
4845,62,15,27,0
4846,62,15,27,0
4847,62,15,27,0
4848,62,15,27,0
4849,62,15,27,0
4850,62,15,27,0
4851,62,15,27,0
4852,62,15,27,0
4853,62,15,27,0
4854,62,15,27,0
4855,62,15,27,0
4856,62,15,27,0
4857,62,15,27,0
4858,62,15,27,0
4859,62,15,27,0
4860,62,15,27,0
4861,62,15,27,0
4862,62,15,27,0
4863,62,15,27,0
4864,62,15,27,0
4865,62,15,27,0
4866,62,15,27,0
4867,62,15,27,0
4868,62,15,27,0
4869,62,15,27,0
4870,62,15,27,0
4871,62,15,27,0
4872,62,15,27,0
4873,62,15,27,0
4874,62,15,27,0
4875,62,15,27,0
4876,62,15,27,0
4877,62,15,27,0
4878,62,15,27,0
4879,62,15,27,0
4880,62,15,27,0
4881,62,15,27,0
4882,62,15,27,0
4883,62,15,27,0
4884,62,15,27,0
4885,62,15,27,0
4886,62,15,27,0
4887,62,15,27,0
4888,62,15,27,0
4889,62,15,27,0
4890,62,15,27,0
4891,62,15,27,0
4892,62,15,27,0
4893,62,15,27,0
4894,62,15,27,0
4895,62,15,27,0
4896,62,15,27,0
4897,62,15,27,0
4898,62,15,27,0
4899,62,15,27,0
4900,62,15,27,0
4901,62,15,27,0
4902,62,15,27,0
4903,62,15,27,0
4904,62,15,27,0
4905,62,15,27,0
4906,62,15,27,0
4907,62,15,27,0
4908,62,15,27,0
4909,62,15,27,0
4910,62,15,27,0
4911,62,15,27,0
4912,62,15,27,0
4913,62,15,27,0
4914,62,15,27,0
4915,62,15,27,0
4916,62,15,27,0
4917,62,15,27,0
4918,62,15,27,0
4919,62,15,27,0
4920,62,15,27,0
4921,62,15,27,0
4922,62,15,27,0
4923,62,15,27,0
4924,62,15,27,0
4925,62,15,27,0
4926,62,15,27,0
4927,62,15,27,0
4928,62,15,27,0
4929,62,15,27,0
4930,62,15,27,0
4931,62,15,27,0
4932,62,15,27,0
4933,62,15,27,0
4934,62,15,27,0
4935,62,15,27,0
4936,62,15,27,0
4937,62,15,27,0
4938,62,15,27,0
4939,62,15,27,0
4940,62,15,27,0
4941,62,15,27,0
4942,62,15,27,0
4943,62,15,27,0
4944,62,15,27,0
4945,62,15,27,0
4946,62,15,27,0
4947,62,15,27,0
4948,62,15,27,0
4949,62,15,27,0
4950,62,15,27,0
4951,62,15,27,0
4952,62,15,27,0
4953,62,15,27,0
4954,62,15,27,0
4955,62,15,27,0
4956,62,15,27,0
4957,62,15,27,0
4958,62,15,27,0
4959,62,15,27,0
4960,62,15,27,0
4961,62,15,27,0
4962,62,15,27,0
4963,62,15,27,0
4964,62,15,27,0
4965,62,15,27,0
4966,62,15,27,0
4967,62,15,27,0
4968,62,15,27,0
4969,62,15,27,0
4970,62,15,27,0
4971,62,15,27,0
4972,62,15,27,0
4973,62,15,27,0
4974,62,15,27,0
4975,62,15,27,0
4976,62,15,27,0
4977,62,15,27,0
4978,62,15,27,0
4979,62,15,27,0
4980,62,15,27,0
4981,62,15,27,0
4982,62,15,27,0
4983,62,15,27,0
4984,62,15,27,0
4985,62,15,27,0
4986,62,15,27,0
4987,62,15,27,0
4988,62,15,27,0
4989,62,15,27,0
4990,62,15,27,0
4991,62,15,27,0
4992,62,15,27,0
4993,62,15,27,0
4994,62,15,27,0
4995,62,15,27,0
4996,62,15,27,0
4997,62,15,27,0
4998,62,15,27,0
4999,62,15,27,0
5000,62,15,27,0
5001,62,15,27,0
5002,62,15,27,0
5003,62,15,27,0
5004,62,15,27,0
5005,62,15,27,0
5006,62,15,27,0
5007,62,15,27,0
5008,62,15,27,0
5009,62,15,27,0
5010,62,15,27,0
5011,62,15,27,0
5012,62,15,27,0
5013,62,15,27,0
5014,62,15,27,0
5015,62,15,27,0
5016,62,15,27,0
5017,62,15,27,0
5018,62,15,27,0
5019,62,15,27,0
5020,62,15,27,0
5021,62,15,27,0
5022,62,15,27,0
5023,62,15,27,0
5024,62,15,27,0
5025,62,15,27,0
5026,62,15,27,0
5027,62,15,27,0
5028,62,15,27,0
5029,62,15,27,0
5030,62,15,27,0
5031,62,15,27,0
5032,62,15,27,0
5033,62,15,27,0
5034,62,15,27,0
5035,62,15,27,0
5036,62,15,27,0
5037,62,15,27,0
5038,62,15,27,0
5039,62,15,27,0
5040,62,15,27,0
5041,62,15,27,0
5042,62,15,27,0
5043,62,15,27,0
5044,62,15,27,0
5045,62,15,27,0
5046,62,15,27,0
5047,62,15,27,0
5048,62,15,27,0
5049,62,15,27,0
5050,62,15,27,0
5051,62,15,27,0
5052,62,15,27,0
5053,62,15,27,0
5054,62,15,27,0
5055,62,15,27,0
5056,62,15,27,0
5057,62,15,27,0
5058,62,15,27,0
5059,62,15,27,0
5060,62,15,27,0
5061,62,15,27,0
5062,62,15,27,0
5063,62,15,27,0
5064,62,15,27,0
5065,62,15,27,0
5066,62,15,27,0
5067,62,15,27,0
5068,62,15,27,0
5069,62,15,27,0
5070,62,15,27,0
5071,62,15,27,0
5072,62,15,27,0
5073,62,15,27,0
5074,62,15,27,0
5075,62,15,27,0
5076,62,15,27,0
5077,62,15,27,0
5078,62,15,27,0
5079,62,15,27,0
5080,62,15,27,0
5081,62,15,27,0
5082,62,15,27,0
5083,62,15,27,0
5084,62,15,27,0
5085,62,15,27,0
5086,62,15,27,0
5087,62,15,27,0
5088,62,15,27,0
5089,62,15,27,0
5090,62,15,27,0
5091,62,15,27,0
5092,62,15,27,0
5093,62,15,27,0
5094,62,15,27,0
5095,62,15,27,0
5096,62,15,27,0
5097,62,15,27,0
5098,62,15,27,0
5099,62,15,27,0
5100,62,15,27,0
5101,62,15,27,0
5102,62,15,27,0
5103,62,15,27,0
5104,62,15,27,0
5105,62,15,27,0
5106,62,15,27,0
5107,62,15,27,0
5108,62,15,27,0
5109,62,15,27,0
5110,62,15,27,0
5111,62,15,27,0
5112,62,15,27,0
5113,62,15,27,0
5114,62,15,27,0
5115,62,15,27,0
5116,62,15,27,0
5117,62,15,27,0
5118,62,15,27,0
5119,62,15,27,0
5120,62,15,27,0
5121,62,15,27,0
5122,62,15,27,0
5123,62,15,27,0
5124,62,15,27,0
5125,62,15,27,0
5126,62,15,27,0
5127,62,15,27,0
5128,62,15,27,0
5129,62,15,27,0
5130,62,15,27,0
5131,62,15,27,0
5132,62,15,27,0
5133,62,15,27,0
5134,62,15,27,0
5135,62,15,27,0
5136,62,15,27,0
5137,62,15,27,0
5138,62,15,27,0
5139,62,15,27,0
5140,62,15,27,0
5141,62,15,27,0
5142,62,15,27,0
5143,62,15,27,0
5144,62,15,27,0
5145,62,15,27,0
5146,62,15,27,0
5147,62,15,27,0
5148,62,15,27,0
5149,62,15,27,0
5150,62,15,27,0
5151,62,15,27,0
5152,62,15,27,0
5153,62,15,27,0
5154,62,15,27,0
5155,62,15,27,0
5156,62,15,27,0
5157,62,15,27,0
5158,62,15,27,0
5159,62,15,27,0
5160,62,15,27,0
5161,62,15,27,0
5162,62,15,27,0
5163,62,15,27,0
5164,62,15,27,0
5165,62,15,27,0
5166,62,15,27,0
5167,62,15,27,0
5168,62,15,27,0
5169,62,15,27,0
5170,62,15,27,0
5171,62,15,27,0
5172,62,15,27,0
5173,62,15,27,0
5174,62,15,27,0
5175,62,15,27,0
5176,62,15,27,0
5177,62,15,27,0
5178,62,15,27,0
5179,62,15,27,0
5180,62,15,27,0
5181,62,15,27,0
5182,62,15,27,0
5183,62,15,27,0
5184,62,15,27,0
5185,62,15,27,0
5186,62,15,27,0
5187,62,15,27,0
5188,62,15,27,0
5189,62,15,27,0
5190,62,15,27,0
5191,62,15,27,0
5192,62,15,27,0
5193,62,15,27,0
5194,62,15,27,0
5195,62,15,27,0
5196,62,15,27,0
5197,62,15,27,0
5198,62,15,27,0
5199,62,15,27,0
5200,62,15,27,0
5201,62,15,27,0
5202,62,15,27,0
5203,62,15,27,0
5204,62,15,27,0
5205,62,15,27,0
5206,62,15,27,0
5207,62,15,27,0
5208,62,15,27,0
5209,62,15,27,0
5210,62,15,27,0
5211,62,15,27,0
5212,62,15,27,0
5213,62,15,27,0
5214,62,15,27,0
5215,62,15,27,0
5216,62,15,27,0
5217,62,15,27,0
5218,62,15,27,0
5219,62,15,27,0
5220,62,15,27,0
5221,62,15,27,0
5222,62,15,27,0
5223,62,15,27,0
5224,62,15,27,0
5225,62,15,27,0
5226,62,15,27,0
5227,62,15,27,0
5228,62,15,27,0
5229,62,15,27,0
5230,62,15,27,0
5231,62,15,27,0
5232,62,15,27,0
5233,62,15,27,0
5234,62,15,27,0
5235,62,15,27,0
5236,62,15,27,0
5237,62,15,27,0
5238,62,15,27,0
5239,62,15,27,0
5240,62,15,27,0
5241,62,15,27,0
5242,62,15,27,0
5243,62,15,27,0
5244,62,15,27,0
5245,62,15,27,0
5246,62,15,27,0
5247,62,15,27,0
5248,62,15,27,0
5249,62,15,27,0
5250,62,15,27,0
5251,62,15,27,0
5252,62,15,27,0
5253,62,15,27,0
5254,62,15,27,0
5255,62,15,27,0
5256,62,15,27,0
5257,62,15,27,0
5258,62,15,27,0
5259,62,15,27,0
5260,62,15,27,0
5261,62,15,27,0
5262,62,15,27,0
5263,62,15,27,0
5264,62,15,27,0
5265,62,15,27,0
5266,62,15,27,0
5267,62,15,27,0
5268,62,15,27,0
5269,62,15,27,0
5270,62,15,27,0
5271,62,15,27,0
5272,62,15,27,0
5273,62,15,27,0
5274,62,15,27,0
5275,62,15,27,0
5276,62,15,27,0
5277,62,15,27,0
5278,62,15,27,0
5279,62,15,27,0
5280,62,15,27,0
5281,62,15,27,0
5282,62,15,27,0
5283,62,15,27,0
5284,62,15,27,0
5285,62,15,27,0
5286,62,15,27,0
5287,62,15,27,0
5288,62,15,27,0
5289,62,15,27,0
5290,62,15,27,0
5291,62,15,27,0
5292,62,15,27,0
5293,62,15,27,0
5294,62,15,27,0
5295,62,15,27,0
5296,62,15,27,0
5297,62,15,27,0
5298,62,15,27,0
5299,62,15,27,0
5300,62,15,27,0
5301,62,15,27,0
5302,62,15,27,0
5303,62,15,27,0
5304,62,15,27,0
5305,62,15,27,0
5306,62,15,27,0
5307,62,15,27,0
5308,62,15,27,0
5309,62,15,27,0
5310,62,15,27,0
5311,62,15,27,0
5312,62,15,27,0
5313,62,15,27,0
5314,62,15,27,0
5315,62,15,27,0
5316,62,15,27,0
5317,62,15,27,0
5318,62,15,27,0
5319,62,15,27,0
5320,62,15,27,0
5321,62,15,27,0
5322,62,15,27,0
5323,62,15,27,0
5324,62,15,27,0
5325,62,15,27,0
5326,62,15,27,0
5327,62,15,27,0
5328,62,15,27,0
5329,62,15,27,0
5330,62,15,27,0
5331,62,15,27,0
5332,62,15,27,0
5333,62,15,27,0
5334,62,15,27,0
5335,62,15,27,0
5336,62,15,27,0
5337,62,15,27,0
5338,62,15,27,0
5339,62,15,27,0
5340,62,15,27,0
5341,62,15,27,0
5342,62,15,27,0
5343,62,15,27,0
5344,62,15,27,0
5345,62,15,27,0
5346,62,15,27,0
5347,62,15,27,0
5348,62,15,27,0
5349,62,15,27,0
5350,62,15,27,0
5351,62,15,27,0
5352,62,15,27,0
5353,62,15,27,0
5354,62,15,27,0
5355,62,15,27,0
5356,62,15,27,0
5357,62,15,27,0
5358,62,15,27,0
5359,62,15,27,0
5360,62,15,27,0
5361,62,15,27,0
5362,62,15,27,0
5363,62,15,27,0
5364,62,15,27,0
5365,62,15,27,0
5366,62,15,27,0
5367,62,15,27,0
5368,62,15,27,0
5369,62,15,27,0
5370,62,15,27,0
5371,62,15,27,0
5372,62,15,27,0
5373,62,15,27,0
5374,62,15,27,0
5375,62,15,27,0
5376,62,15,27,0
5377,62,15,27,0
5378,62,15,27,0
5379,62,15,27,0
5380,62,15,27,0
5381,62,15,27,0
5382,62,15,27,0
5383,62,15,27,0
5384,62,15,27,0
5385,62,15,27,0
5386,62,15,27,0
5387,62,15,27,0
5388,62,15,27,0
5389,62,15,27,0
5390,62,15,27,0
5391,62,15,27,0
5392,62,15,27,0
5393,62,15,27,0
5394,62,15,27,0
5395,62,15,27,0
5396,62,15,27,0
5397,62,15,27,0
5398,62,15,27,0
5399,62,15,27,0
5400,62,15,27,0
5401,62,15,27,0
5402,62,15,27,0
5403,62,15,27,0
5404,62,15,27,0
5405,62,15,27,0
5406,62,15,27,0
5407,62,15,27,0
5408,62,15,27,0
5409,62,15,27,0
5410,62,15,27,0
5411,62,15,27,0
5412,62,15,27,0
5413,62,15,27,0
5414,62,15,27,0
5415,62,15,27,0
5416,62,15,27,0
5417,62,15,27,0
5418,62,15,27,0
5419,62,15,27,0
5420,62,15,27,0
5421,62,15,27,0
5422,62,15,27,0
5423,62,15,27,0
5424,62,15,27,0
5425,62,15,27,0
5426,62,15,27,0
5427,62,15,27,0
5428,62,15,27,0
5429,62,15,27,0
5430,62,15,27,0
5431,62,15,27,0
5432,62,15,27,0
5433,62,15,27,0
5434,62,15,27,0
5435,62,15,27,0
5436,62,15,27,0
5437,62,15,27,0
5438,62,15,27,0
5439,62,15,27,0
5440,62,15,27,0
5441,62,15,27,0
5442,62,15,27,0
5443,62,15,27,0
5444,62,15,27,0
5445,62,15,27,0
5446,62,15,27,0
5447,62,15,27,0
5448,62,15,27,0
5449,62,15,27,0
5450,62,15,27,0
5451,62,15,27,0
5452,62,15,27,0
5453,62,15,27,0
5454,62,15,27,0
5455,62,15,27,0
5456,62,15,27,0
5457,62,15,27,0
5458,62,15,27,0
5459,62,15,27,0
5460,62,15,27,0
5461,62,15,27,0
5462,62,15,27,0
5463,62,15,27,0
5464,62,15,27,0
5465,62,15,27,0
5466,62,15,27,0
5467,62,15,27,0
5468,62,15,27,0
5469,62,15,27,0
5470,62,15,27,0
5471,62,15,27,0
5472,62,15,27,0
5473,62,15,27,0
5474,62,15,27,0
5475,62,15,27,0
5476,62,15,27,0
5477,62,15,27,0
5478,62,15,27,0
5479,62,15,27,0
5480,62,15,27,0
5481,62,15,27,0
5482,62,15,27,0
5483,62,15,27,0
5484,62,15,27,0
5485,62,15,27,0
5486,62,15,27,0
5487,62,15,27,0
5488,62,15,27,0
5489,62,15,27,0
5490,62,15,27,0
5491,62,15,27,0
5492,62,15,27,0
5493,62,15,27,0
5494,62,15,27,0
5495,62,15,27,0
5496,62,15,27,0
5497,62,15,27,0
5498,62,15,27,0
5499,62,15,27,0
5500,62,15,27,0
5501,62,15,27,0
5502,62,15,27,0
5503,62,15,27,0
5504,62,15,27,0
5505,62,15,27,0
5506,62,15,27,0
5507,62,15,27,0
5508,62,15,27,0
5509,62,15,27,0
5510,62,15,27,0
5511,62,15,27,0
5512,62,15,27,0
5513,62,15,27,0
5514,62,15,27,0
5515,62,15,27,0
5516,62,15,27,0
5517,62,15,27,0
5518,62,15,27,0
5519,62,15,27,0
5520,62,15,27,0
5521,62,15,27,0
5522,62,15,27,0
5523,62,15,27,0
5524,62,15,27,0
5525,62,15,27,0
5526,62,15,27,0
5527,62,15,27,0
5528,62,15,27,0
5529,62,15,27,0
5530,62,15,27,0
5531,62,15,27,0
5532,62,15,27,0
5533,62,15,27,0
5534,62,15,27,0
5535,62,15,27,0
5536,62,15,27,0
5537,62,15,27,0
5538,62,15,27,0
5539,62,15,27,0
5540,62,15,27,0
5541,62,15,27,0
5542,62,15,27,0
5543,62,15,27,0
5544,62,15,27,0
5545,62,15,27,0
5546,62,15,27,0
5547,62,15,27,0
5548,62,15,27,0
5549,62,15,27,0
5550,62,15,27,0
5551,62,15,27,0
5552,62,15,27,0
5553,62,15,27,0
5554,62,15,27,0
5555,62,15,27,0
5556,62,15,27,0
5557,62,15,27,0
5558,62,15,27,0
5559,62,15,27,0
5560,62,15,27,0
5561,62,15,27,0
5562,62,15,27,0
5563,62,15,27,0
5564,62,15,27,0
5565,62,15,27,0
5566,62,15,27,0
5567,62,15,27,0
5568,62,15,27,0
5569,62,15,27,0
5570,62,15,27,0
5571,62,15,27,0
5572,62,15,27,0
5573,62,15,27,0
5574,62,15,27,0
5575,62,15,27,0
5576,62,15,27,0
5577,62,15,27,0
5578,62,15,27,0
5579,62,15,27,0
5580,62,15,27,0
5581,62,15,27,0
5582,62,15,27,0
5583,62,15,27,0
5584,62,15,27,0
5585,62,15,27,0
5586,62,15,27,0
5587,62,15,27,0
5588,62,15,27,0
5589,62,15,27,0
5590,62,15,27,0
5591,62,15,27,0
5592,62,15,27,0
5593,62,15,27,0
5594,62,15,27,0
5595,62,15,27,0
5596,62,15,27,0
5597,62,15,27,0
5598,62,15,27,0
5599,62,15,27,0
5600,62,15,27,0
5601,62,15,27,0
5602,62,15,27,0
5603,62,15,27,0
5604,62,15,27,0
5605,62,15,27,0
5606,62,15,27,0
5607,62,15,27,0
5608,62,15,27,0
5609,62,15,27,0
5610,62,15,27,0
5611,62,15,27,0
5612,62,15,27,0
5613,62,15,27,0
5614,62,15,27,0
5615,62,15,27,0
5616,62,15,27,0
5617,62,15,27,0
5618,62,15,27,0
5619,62,15,27,0
5620,62,15,27,0
5621,62,15,27,0
5622,62,15,27,0
5623,62,15,27,0
5624,62,15,27,0
5625,62,15,27,0
5626,62,15,27,0
5627,62,15,27,0
5628,62,15,27,0
5629,62,15,27,0
5630,62,15,27,0
5631,62,15,27,0
5632,62,15,27,0
5633,62,15,27,0
5634,62,15,27,0
5635,62,15,27,0
5636,62,15,27,0
5637,62,15,27,0
5638,62,15,27,0
5639,62,15,27,0
5640,62,15,27,0
5641,62,15,27,0
5642,62,15,27,0
5643,62,15,27,0
5644,62,15,27,0
5645,62,15,27,0
5646,62,15,27,0
5647,62,15,27,0
5648,62,15,27,0
5649,62,15,27,0
5650,62,15,27,0
5651,62,15,27,0
5652,62,15,27,0
5653,62,15,27,0
5654,62,15,27,0
5655,62,15,27,0
5656,62,15,27,0
5657,62,15,27,0
5658,62,15,27,0
5659,62,15,27,0
5660,62,15,27,0
5661,62,15,27,0
5662,62,15,27,0
5663,62,15,27,0
5664,62,15,27,0
5665,62,15,27,0
5666,62,15,27,0
5667,62,15,27,0
5668,62,15,27,0
5669,62,15,27,0
5670,62,15,27,0
5671,62,15,27,0
5672,62,15,27,0
5673,62,15,27,0
5674,62,15,27,0
5675,62,15,27,0
5676,62,15,27,0
5677,62,15,27,0
5678,62,15,27,0
5679,62,15,27,0
5680,62,15,27,0
5681,62,15,27,0
5682,62,15,27,0
5683,62,15,27,0
5684,62,15,27,0
5685,62,15,27,0
5686,62,15,27,0
5687,62,15,27,0
5688,62,15,27,0
5689,62,15,27,0
5690,62,15,27,0
5691,62,15,27,0
5692,62,15,27,0
5693,62,15,27,0
5694,62,15,27,0
5695,62,15,27,0
5696,62,15,27,0
5697,62,15,27,0
5698,62,15,27,0
5699,62,15,27,0
5700,62,15,27,0
5701,62,15,27,0
5702,62,15,27,0
5703,62,15,27,0
5704,62,15,27,0
5705,62,15,27,0
5706,62,15,27,0
5707,62,15,27,0
5708,62,15,27,0
5709,62,15,27,0
5710,62,15,27,0
5711,62,15,27,0
5712,62,15,27,0
5713,62,15,27,0
5714,62,15,27,0
5715,62,15,27,0
5716,62,15,27,0
5717,62,15,27,0
5718,62,15,27,0
5719,62,15,27,0
5720,62,15,27,0
5721,62,15,27,0
5722,62,15,27,0
5723,62,15,27,0
5724,62,15,27,0
5725,62,15,27,0
5726,62,15,27,0
5727,62,15,27,0
5728,62,15,27,0
5729,62,15,27,0
5730,62,15,27,0
5731,62,15,27,0
5732,62,15,27,0
5733,62,15,27,0
5734,62,15,27,0
5735,62,15,27,0
5736,62,15,27,0
5737,62,15,27,0
5738,62,15,27,0
5739,62,15,27,0
5740,62,15,27,0
5741,62,15,27,0
5742,62,15,27,0
5743,62,15,27,0
5744,62,15,27,0
5745,62,15,27,0
5746,62,15,27,0
5747,62,15,27,0
5748,62,15,27,0
5749,62,15,27,0
5750,62,15,27,0
5751,62,15,27,0
5752,62,15,27,0
5753,62,15,27,0
5754,62,15,27,0
5755,62,15,27,0
5756,62,15,27,0
5757,62,15,27,0
5758,62,15,27,0
5759,62,15,27,0
5760,62,15,27,0
5761,62,15,27,0
5762,62,15,27,0
5763,62,15,27,0
5764,62,15,27,0
5765,62,15,27,0
5766,62,15,27,0
5767,62,15,27,0
5768,62,15,27,0
5769,62,15,27,0
5770,62,15,27,0
5771,62,15,27,0
5772,62,15,27,0
5773,62,15,27,0
5774,62,15,27,0
5775,62,15,27,0
5776,62,15,27,0
5777,62,15,27,0
5778,62,15,27,0
5779,62,15,27,0
5780,62,15,27,0
5781,62,15,27,0
5782,62,15,27,0
5783,62,15,27,0
5784,62,15,27,0
5785,62,15,27,0
5786,62,15,27,0
5787,62,15,27,0
5788,62,15,27,0
5789,62,15,27,0
5790,62,15,27,0
5791,62,15,27,0
5792,62,15,27,0
5793,62,15,27,0
5794,62,15,27,0
5795,62,15,27,0
5796,62,15,27,0
5797,62,15,27,0
5798,62,15,27,0
5799,62,15,27,0
5800,62,15,27,0
5801,62,15,27,0
5802,62,15,27,0
5803,62,15,27,0
5804,62,15,27,0
5805,62,15,27,0
5806,62,15,27,0
5807,62,15,27,0
5808,62,15,27,0
5809,62,15,27,0
5810,62,15,27,0
5811,62,15,27,0
5812,62,15,27,0
5813,62,15,27,0
5814,62,15,27,0
5815,62,15,27,0
5816,62,15,27,0
5817,62,15,27,0
5818,62,15,27,0
5819,62,15,27,0
5820,62,15,27,0
5821,62,15,27,0
5822,62,15,27,0
5823,62,15,27,0
5824,62,15,27,0
5825,62,15,27,0
5826,62,15,27,0
5827,62,15,27,0
5828,62,15,27,0
5829,62,15,27,0
5830,62,15,27,0
5831,62,15,27,0
5832,62,15,27,0
5833,62,15,27,0
5834,62,15,27,0
5835,62,15,27,0
5836,62,15,27,0
5837,62,15,27,0
5838,62,15,27,0
5839,62,15,27,0
5840,62,15,27,0
5841,62,15,27,0
5842,62,15,27,0
5843,62,15,27,0
5844,62,15,27,0
5845,62,15,27,0
5846,62,15,27,0
5847,62,15,27,0
5848,62,15,27,0
5849,62,15,27,0
5850,62,15,27,0
5851,62,15,27,0
5852,62,15,27,0
5853,62,15,27,0
5854,62,15,27,0
5855,62,15,27,0
5856,62,15,27,0
5857,62,15,27,0
5858,62,15,27,0
5859,62,15,27,0
5860,62,15,27,0
5861,62,15,27,0
5862,62,15,27,0
5863,62,15,27,0
5864,62,15,27,0
5865,62,15,27,0
5866,62,15,27,0
5867,62,15,27,0
5868,62,15,27,0
5869,62,15,27,0
5870,62,15,27,0
5871,62,15,27,0
5872,62,15,27,0
5873,62,15,27,0
5874,62,15,27,0
5875,62,15,27,0
5876,62,15,27,0
5877,62,15,27,0
5878,62,15,27,0
5879,62,15,27,0
5880,62,15,27,0
5881,62,15,27,0
5882,62,15,27,0
5883,62,15,27,0
5884,62,15,27,0
5885,62,15,27,0
5886,62,15,27,0
5887,62,15,27,0
5888,62,15,27,0
5889,62,15,27,0
5890,62,15,27,0
5891,62,15,27,0
5892,62,15,27,0
5893,62,15,27,0
5894,62,15,27,0
5895,62,15,27,0
5896,62,15,27,0
5897,62,15,27,0
5898,62,15,27,0
5899,62,15,27,0
5900,62,15,27,0
5901,62,15,27,0
5902,62,15,27,0
5903,62,15,27,0
5904,62,15,27,0
5905,62,15,27,0
5906,62,15,27,0
5907,62,15,27,0
5908,62,15,27,0
5909,62,15,27,0
5910,62,15,27,0
5911,62,15,27,0
5912,62,15,27,0
5913,62,15,27,0
5914,62,15,27,0
5915,62,15,27,0
5916,62,15,27,0
5917,62,15,27,0
5918,62,15,27,0
5919,62,15,27,0
5920,62,15,27,0
5921,62,15,27,0
5922,62,15,27,0
5923,62,15,27,0
5924,62,15,27,0
5925,62,15,27,0
5926,62,15,27,0
5927,62,15,27,0
5928,62,15,27,0
5929,62,15,27,0
5930,62,15,27,0
5931,62,15,27,0
5932,62,15,27,0
5933,62,15,27,0
5934,62,15,27,0
5935,62,15,27,0
5936,62,15,27,0
5937,62,15,27,0
5938,62,15,27,0
5939,62,15,27,0
5940,62,15,27,0
5941,62,15,27,0
5942,62,15,27,0
5943,62,15,27,0
5944,62,15,27,0
5945,62,15,27,0
5946,62,15,27,0
5947,62,15,27,0
5948,62,15,27,0
5949,62,15,27,0
5950,62,15,27,0
5951,62,15,27,0
5952,62,15,27,0
5953,62,15,27,0
5954,62,15,27,0
5955,62,15,27,0
5956,62,15,27,0
5957,62,15,27,0
5958,62,15,27,0
5959,62,15,27,0
5960,62,15,27,0
5961,62,15,27,0
5962,62,15,27,0
5963,62,15,27,0
5964,62,15,27,0
5965,62,15,27,0
5966,62,15,27,0
5967,62,15,27,0
5968,62,15,27,0
5969,62,15,27,0
5970,62,15,27,0
5971,62,15,27,0
5972,62,15,27,0
5973,62,15,27,0
5974,62,15,27,0
5975,62,15,27,0
5976,62,15,27,0
5977,62,15,27,0
5978,62,15,27,0
5979,62,15,27,0
5980,62,15,27,0
5981,62,15,27,0
5982,62,15,27,0
5983,62,15,27,0
5984,62,15,27,0
5985,62,15,27,0
5986,62,15,27,0
5987,62,15,27,0
5988,62,15,27,0
5989,62,15,27,0
5990,62,15,27,0
5991,62,15,27,0
5992,62,15,27,0
5993,62,15,27,0
5994,62,15,27,0
5995,62,15,27,0
5996,62,15,27,0
5997,62,15,27,0
5998,62,15,27,0
5999,62,15,27,0
6000,62,15,27,0
6001,62,15,27,0
6002,62,15,27,0
6003,62,15,27,0
6004,62,15,27,0
6005,62,15,27,0
6006,62,15,27,0
6007,62,15,27,0
6008,62,15,27,0
6009,62,15,27,0
6010,62,15,27,0
6011,62,15,27,0
6012,62,15,27,0
6013,62,15,27,0
6014,62,15,27,0
6015,62,15,27,0
6016,62,15,27,0
6017,62,15,27,0
6018,62,15,27,0
6019,62,15,27,0
6020,62,15,27,0
6021,62,15,27,0
6022,62,15,27,0
6023,62,15,27,0
6024,62,15,27,0
6025,62,15,27,0
6026,62,15,27,0
6027,62,15,27,0
6028,62,15,27,0
6029,62,15,27,0
6030,62,15,27,0
6031,62,15,27,0
6032,62,15,27,0
6033,62,15,27,0
6034,62,15,27,0
6035,62,15,27,0
6036,62,15,27,0
6037,62,15,27,0
6038,62,15,27,0
6039,62,15,27,0
6040,62,15,27,0
6041,62,15,27,0
6042,62,15,27,0
6043,62,15,27,0
6044,62,15,27,0
6045,62,15,27,0
6046,62,15,27,0
6047,62,15,27,0
6048,62,15,27,0
6049,62,15,27,0
6050,62,15,27,0
6051,62,15,27,0
6052,62,15,27,0
6053,62,15,27,0
6054,62,15,27,0
6055,62,15,27,0
6056,62,15,27,0
6057,62,15,27,0
6058,62,15,27,0
6059,62,15,27,0
6060,62,15,27,0
6061,62,15,27,0
6062,62,15,27,0
6063,62,15,27,0
6064,62,15,27,0
6065,62,15,27,0
6066,62,15,27,0
6067,62,15,27,0
6068,62,15,27,0
6069,62,15,27,0
6070,62,15,27,0
6071,62,15,27,0
6072,62,15,27,0
6073,62,15,27,0
6074,62,15,27,0
6075,62,15,27,0
6076,62,15,27,0
6077,62,15,27,0
6078,62,15,27,0
6079,62,15,27,0
6080,62,15,27,0
6081,62,15,27,0
6082,62,15,27,0
6083,62,15,27,0
6084,62,15,27,0
6085,62,15,27,0
6086,62,15,27,0
6087,62,15,27,0
6088,62,15,27,0
6089,62,15,27,0
6090,62,15,27,0
6091,62,15,27,0
6092,62,15,27,0
6093,62,15,27,0
6094,62,15,27,0
6095,62,15,27,0
6096,62,15,27,0
6097,62,15,27,0
6098,62,15,27,0
6099,62,15,27,0
6100,62,15,27,0
6101,62,15,27,0
6102,62,15,27,0
6103,62,15,27,0
6104,62,15,27,0
6105,62,15,27,0
6106,62,15,27,0
6107,62,15,27,0
6108,62,15,27,0
6109,62,15,27,0
6110,62,15,27,0
6111,62,15,27,0
6112,62,15,27,0
6113,62,15,27,0
6114,62,15,27,0
6115,62,15,27,0
6116,62,15,27,0
6117,62,15,27,0
6118,62,15,27,0
6119,62,15,27,0
6120,62,15,27,0
6121,62,15,27,0
6122,62,15,27,0
6123,62,15,27,0
6124,62,15,27,0
6125,62,15,27,0
6126,62,15,27,0
6127,62,15,27,0
6128,62,15,27,0
6129,62,15,27,0
6130,62,15,27,0
6131,62,15,27,0
6132,62,15,27,0
6133,62,15,27,0
6134,62,15,27,0
6135,62,15,27,0
6136,62,15,27,0
6137,62,15,27,0
6138,62,15,27,0
6139,62,15,27,0
6140,62,15,27,0
6141,62,15,27,0
6142,62,15,27,0
6143,62,15,27,0
6144,62,15,27,0
6145,62,15,27,0
6146,62,15,27,0
6147,62,15,27,0
6148,62,15,27,0
6149,62,15,27,0
6150,62,15,27,0
6151,62,15,27,0
6152,62,15,27,0
6153,62,15,27,0
6154,62,15,27,0
6155,62,15,27,0
6156,62,15,27,0
6157,62,15,27,0
6158,62,15,27,0
6159,62,15,27,0
6160,62,15,27,0
6161,62,15,27,0
6162,62,15,27,0
6163,62,15,27,0
6164,62,15,27,0
6165,62,15,27,0
6166,62,15,27,0
6167,62,15,27,0
6168,62,15,27,0
6169,62,15,27,0
6170,62,15,27,0
6171,62,15,27,0
6172,62,15,27,0
6173,62,15,27,0
6174,62,15,27,0
6175,62,15,27,0
6176,62,15,27,0
6177,62,15,27,0
6178,62,15,27,0
6179,62,15,27,0
6180,62,15,27,0
6181,62,15,27,0
6182,62,15,27,0
6183,62,15,27,0
6184,62,15,27,0
6185,62,15,27,0
6186,62,15,27,0
6187,62,15,27,0
6188,62,15,27,0
6189,62,15,27,0
6190,62,15,27,0
6191,62,15,27,0
6192,62,15,27,0
6193,62,15,27,0
6194,62,15,27,0
6195,62,15,27,0
6196,62,15,27,0
6197,62,15,27,0
6198,62,15,27,0
6199,62,15,27,0
6200,62,15,27,0
6201,62,15,27,0
6202,62,15,27,0
6203,62,15,27,0
6204,62,15,27,0
6205,62,15,27,0
6206,62,15,27,0
6207,62,15,27,0
6208,62,15,27,0
6209,62,15,27,0
6210,62,15,27,0
6211,62,15,27,0
6212,62,15,27,0
6213,62,15,27,0
6214,62,15,27,0
6215,62,15,27,0
6216,62,15,27,0
6217,62,15,27,0
6218,62,15,27,0
6219,62,15,27,0
6220,62,15,27,0
6221,62,15,27,0
6222,62,15,27,0
6223,62,15,27,0
6224,62,15,27,0
6225,62,15,27,0
6226,62,15,27,0
6227,62,15,27,0
6228,62,15,27,0
6229,62,15,27,0
6230,62,15,27,0
6231,62,15,27,0
6232,62,15,27,0
6233,62,15,27,0
6234,62,15,27,0
6235,62,15,27,0
6236,62,15,27,0
6237,62,15,27,0
6238,62,15,27,0
6239,62,15,27,0
6240,62,15,27,0
6241,62,15,27,0
6242,62,15,27,0
6243,62,15,27,0
6244,62,15,27,0
6245,62,15,27,0
6246,62,15,27,0
6247,62,15,27,0
6248,62,15,27,0
6249,62,15,27,0
6250,62,15,27,0
6251,62,15,27,0
6252,62,15,27,0
6253,62,15,27,0
6254,62,15,27,0
6255,62,15,27,0
6256,62,15,27,0
6257,62,15,27,0
6258,62,15,27,0
6259,62,15,27,0
6260,62,15,27,0
6261,62,15,27,0
6262,62,15,27,0
6263,62,15,27,0
6264,62,15,27,0
6265,62,15,27,0
6266,62,15,27,0
6267,62,15,27,0
6268,62,15,27,0
6269,62,15,27,0
6270,62,15,27,0
6271,62,15,27,0
6272,62,15,27,0
6273,62,15,27,0
6274,62,15,27,0
6275,62,15,27,0
6276,62,15,27,0
6277,62,15,27,0
6278,62,15,27,0
6279,62,15,27,0
6280,62,15,27,0
6281,62,15,27,0
6282,62,15,27,0
6283,62,15,27,0
6284,62,15,27,0
6285,62,15,27,0
6286,62,15,27,0
6287,62,15,27,0
6288,62,15,27,0
6289,62,15,27,0
6290,62,15,27,0
6291,62,15,27,0
6292,62,15,27,0
6293,62,15,27,0
6294,62,15,27,0
6295,62,15,27,0
6296,62,15,27,0
6297,62,15,27,0
6298,62,15,27,0
6299,62,15,27,0
6300,62,15,27,0
6301,62,15,27,0
6302,62,15,27,0
6303,62,15,27,0
6304,62,15,27,0
6305,62,15,27,0
6306,62,15,27,0
6307,62,15,27,0
6308,62,15,27,0
6309,62,15,27,0
6310,62,15,27,0
6311,62,15,27,0
6312,62,15,27,0
6313,62,15,27,0
6314,62,15,27,0
6315,62,15,27,0
6316,62,15,27,0
6317,62,15,27,0
6318,62,15,27,0
6319,62,15,27,0
6320,62,15,27,0
6321,62,15,27,0
6322,62,15,27,0
6323,62,15,27,0
6324,62,15,27,0
6325,62,15,27,0
6326,62,15,27,0
6327,62,15,27,0
6328,62,15,27,0
6329,62,15,27,0
6330,62,15,27,0
6331,62,15,27,0
6332,62,15,27,0
6333,62,15,27,0
6334,62,15,27,0
6335,62,15,27,0
6336,62,15,27,0
6337,62,15,27,0
6338,62,15,27,0
6339,62,15,27,0
6340,62,15,27,0
6341,62,15,27,0
6342,62,15,27,0
6343,62,15,27,0
6344,62,15,27,0
6345,62,15,27,0
6346,62,15,27,0
6347,62,15,27,0
6348,62,15,27,0
6349,62,15,27,0
6350,62,15,27,0
6351,62,15,27,0
6352,62,15,27,0
6353,62,15,27,0
6354,62,15,27,0
6355,62,15,27,0
6356,62,15,27,0
6357,62,15,27,0
6358,62,15,27,0
6359,62,15,27,0
6360,62,15,27,0
6361,62,15,27,0
6362,62,15,27,0
6363,62,15,27,0
6364,62,15,27,0
6365,62,15,27,0
6366,62,15,27,0
6367,62,15,27,0
6368,62,15,27,0
6369,62,15,27,0
6370,62,15,27,0
6371,62,15,27,0
6372,62,15,27,0
6373,62,15,27,0
6374,62,15,27,0
6375,62,15,27,0
6376,62,15,27,0
6377,62,15,27,0
6378,62,15,27,0
6379,62,15,27,0
6380,62,15,27,0
6381,62,15,27,0
6382,62,15,27,0
6383,62,15,27,0
6384,62,15,27,0
6385,62,15,27,0
6386,62,15,27,0
6387,62,15,27,0
6388,62,15,27,0
6389,62,15,27,0
6390,62,15,27,0
6391,62,15,27,0
6392,62,15,27,0
6393,62,15,27,0
6394,62,15,27,0
6395,62,15,27,0
6396,62,15,27,0
6397,62,15,27,0
6398,62,15,27,0
6399,62,15,27,0
6400,62,15,27,0
6401,62,15,27,0
6402,62,15,27,0
6403,62,15,27,0
6404,62,15,27,0
6405,62,15,27,0
6406,62,15,27,0
6407,62,15,27,0
6408,62,15,27,0
6409,62,15,27,0
6410,62,15,27,0
6411,62,15,27,0
6412,62,15,27,0
6413,62,15,27,0
6414,62,15,27,0
6415,62,15,27,0
6416,62,15,27,0
6417,62,15,27,0
6418,62,15,27,0
6419,62,15,27,0
6420,62,15,27,0
6421,62,15,27,0
6422,62,15,27,0
6423,62,15,27,0
6424,62,15,27,0
6425,62,15,27,0
6426,62,15,27,0
6427,62,15,27,0
6428,62,15,27,0
6429,62,15,27,0
6430,62,15,27,0
6431,62,15,27,0
6432,62,15,27,0
6433,62,15,27,0
6434,62,15,27,0
6435,62,15,27,0
6436,62,15,27,0
6437,62,15,27,0
6438,62,15,27,0
6439,62,15,27,0
6440,62,15,27,0
6441,62,15,27,0
6442,62,15,27,0
6443,62,15,27,0
6444,62,15,27,0
6445,62,15,27,0
6446,62,15,27,0
6447,62,15,27,0
6448,62,15,27,0
6449,62,15,27,0
6450,62,15,27,0
6451,62,15,27,0
6452,62,15,27,0
6453,62,15,27,0
6454,62,15,27,0
6455,62,15,27,0
6456,62,15,27,0
6457,62,15,27,0
6458,62,15,27,0
6459,62,15,27,0
6460,62,15,27,0
6461,62,15,27,0
6462,62,15,27,0
6463,62,15,27,0
6464,62,15,27,0
6465,62,15,27,0
6466,62,15,27,0
6467,62,15,27,0
6468,62,15,27,0
6469,62,15,27,0
6470,62,15,27,0
6471,62,15,27,0
6472,62,15,27,0
6473,62,15,27,0
6474,62,15,27,0
6475,62,15,27,0
6476,62,15,27,0
6477,62,15,27,0
6478,62,15,27,0
6479,62,15,27,0
6480,62,15,27,0
6481,62,15,27,0
6482,62,15,27,0
6483,62,15,27,0
6484,62,15,27,0
6485,62,15,27,0
6486,62,15,27,0
6487,62,15,27,0
6488,62,15,27,0
6489,62,15,27,0
6490,62,15,27,0
6491,62,15,27,0
6492,62,15,27,0
6493,62,15,27,0
6494,62,15,27,0
6495,62,15,27,0
6496,62,15,27,0
6497,62,15,27,0
6498,62,15,27,0
6499,62,15,27,0
6500,62,15,27,0
6501,62,15,27,0
6502,62,15,27,0
6503,62,15,27,0
6504,62,15,27,0
6505,62,15,27,0
6506,62,15,27,0
6507,62,15,27,0
6508,62,15,27,0
6509,62,15,27,0
6510,62,15,27,0
6511,62,15,27,0
6512,62,15,27,0
6513,62,15,27,0
6514,62,15,27,0
6515,62,15,27,0
6516,62,15,27,0
6517,62,15,27,0
6518,62,15,27,0
6519,62,15,27,0
6520,62,15,27,0
6521,62,15,27,0
6522,62,15,27,0
6523,62,15,27,0
6524,62,15,27,0
6525,62,15,27,0
6526,62,15,27,0
6527,62,15,27,0
6528,62,15,27,0
6529,62,15,27,0
6530,62,15,27,0
6531,62,15,27,0
6532,62,15,27,0
6533,62,15,27,0
6534,62,15,27,0
6535,62,15,27,0
6536,62,15,27,0
6537,62,15,27,0
6538,62,15,27,0
6539,62,15,27,0
6540,62,15,27,0
6541,62,15,27,0
6542,62,15,27,0
6543,62,15,27,0
6544,62,15,27,0
6545,62,15,27,0
6546,62,15,27,0
6547,62,15,27,0
6548,62,15,27,0
6549,62,15,27,0
6550,62,15,27,0
6551,62,15,27,0
6552,62,15,27,0
6553,62,15,27,0
6554,62,15,27,0
6555,62,15,27,0
6556,62,15,27,0
6557,62,15,27,0
6558,62,15,27,0
6559,62,15,27,0
6560,62,15,27,0
6561,62,15,27,0
6562,62,15,27,0
6563,62,15,27,0
6564,62,15,27,0
6565,62,15,27,0
6566,62,15,27,0
6567,62,15,27,0
6568,62,15,27,0
6569,62,15,27,0
6570,62,15,27,0
6571,62,15,27,0
6572,62,15,27,0
6573,62,15,27,0
6574,62,15,27,0
6575,62,15,27,0
6576,62,15,27,0
6577,62,15,27,0
6578,62,15,27,0
6579,62,15,27,0
6580,62,15,27,0
6581,62,15,27,0
6582,62,15,27,0
6583,62,15,27,0
6584,62,15,27,0
6585,62,15,27,0
6586,62,15,27,0
6587,62,15,27,0
6588,62,15,27,0
6589,62,15,27,0
6590,62,15,27,0
6591,62,15,27,0
6592,62,15,27,0
6593,62,15,27,0
6594,62,15,27,0
6595,62,15,27,0
6596,62,15,27,0
6597,62,15,27,0
6598,62,15,27,0
6599,62,15,27,0
6600,62,15,27,0
6601,62,15,27,0
6602,62,15,27,0
6603,62,15,27,0
6604,62,15,27,0
6605,62,15,27,0
6606,62,15,27,0
6607,62,15,27,0
6608,62,15,27,0
6609,62,15,27,0
6610,62,15,27,0
6611,62,15,27,0
6612,62,15,27,0
6613,62,15,27,0
6614,62,15,27,0
6615,62,15,27,0
6616,62,15,27,0
6617,62,15,27,0
6618,62,15,27,0
6619,62,15,27,0
6620,62,15,27,0
6621,62,15,27,0
6622,62,15,27,0
6623,62,15,27,0
6624,62,15,27,0
6625,62,15,27,0
6626,62,15,27,0
6627,62,15,27,0
6628,62,15,27,0
6629,62,15,27,0
6630,62,15,27,0
6631,62,15,27,0
6632,62,15,27,0
6633,62,15,27,0
6634,62,15,27,0
6635,62,15,27,0
6636,62,15,27,0
6637,62,15,27,0
6638,62,15,27,0
6639,62,15,27,0
6640,62,15,27,0
6641,62,15,27,0
6642,62,15,27,0
6643,62,15,27,0
6644,62,15,27,0
6645,62,15,27,0
6646,62,15,27,0
6647,62,15,27,0
6648,62,15,27,0
6649,62,15,27,0
6650,62,15,27,0
6651,62,15,27,0
6652,62,15,27,0
6653,62,15,27,0
6654,62,15,27,0
6655,62,15,27,0
6656,62,15,27,0
6657,62,15,27,0
6658,62,15,27,0
6659,62,15,27,0
6660,62,15,27,0
6661,62,15,27,0
6662,62,15,27,0
6663,62,15,27,0
6664,62,15,27,0
6665,62,15,27,0
6666,62,15,27,0
6667,62,15,27,0
6668,62,15,27,0
6669,62,15,27,0
6670,62,15,27,0
6671,62,15,27,0
6672,62,15,27,0
6673,62,15,27,0
6674,62,15,27,0
6675,62,15,27,0
6676,62,15,27,0
6677,62,15,27,0
6678,62,15,27,0
6679,62,15,27,0
6680,62,15,27,0
6681,62,15,27,0
6682,62,15,27,0
6683,62,15,27,0
6684,62,15,27,0
6685,62,15,27,0
6686,62,15,27,0
6687,62,15,27,0
6688,62,15,27,0
6689,62,15,27,0
6690,62,15,27,0
6691,62,15,27,0
6692,62,15,27,0
6693,62,15,27,0
6694,62,15,27,0
6695,62,15,27,0
6696,62,15,27,0
6697,62,15,27,0
6698,62,15,27,0
6699,62,15,27,0
6700,62,15,27,0
6701,62,15,27,0
6702,62,15,27,0
6703,62,15,27,0
6704,62,15,27,0
6705,62,15,27,0
6706,62,15,27,0
6707,62,15,27,0
6708,62,15,27,0
6709,62,15,27,0
6710,62,15,27,0
6711,62,15,27,0
6712,62,15,27,0
6713,62,15,27,0
6714,62,15,27,0
6715,62,15,27,0
6716,62,15,27,0
6717,62,15,27,0
6718,62,15,27,0
6719,62,15,27,0
6720,62,15,27,0
6721,62,15,27,0
6722,62,15,27,0
6723,62,15,27,0
6724,62,15,27,0
6725,62,15,27,0
6726,62,15,27,0
6727,62,15,27,0
6728,62,15,27,0
6729,62,15,27,0
6730,62,15,27,0
6731,62,15,27,0
6732,62,15,27,0
6733,62,15,27,0
6734,62,15,27,0
6735,62,15,27,0
6736,62,15,27,0
6737,62,15,27,0
6738,62,15,27,0
6739,62,15,27,0
6740,62,15,27,0
6741,62,15,27,0
6742,62,15,27,0
6743,62,15,27,0
6744,62,15,27,0
6745,62,15,27,0
6746,62,15,27,0
6747,62,15,27,0
6748,62,15,27,0
6749,62,15,27,0
6750,62,15,27,0
6751,62,15,27,0
6752,62,15,27,0
6753,62,15,27,0
6754,62,15,27,0
6755,62,15,27,0
6756,62,15,27,0
6757,62,15,27,0
6758,62,15,27,0
6759,62,15,27,0
6760,62,15,27,0
6761,62,15,27,0
6762,62,15,27,0
6763,62,15,27,0
6764,62,15,27,0
6765,62,15,27,0
6766,62,15,27,0
6767,62,15,27,0
6768,62,15,27,0
6769,62,15,27,0
6770,62,15,27,0
6771,62,15,27,0
6772,62,15,27,0
6773,62,15,27,0
6774,62,15,27,0
6775,62,15,27,0
6776,62,15,27,0
6777,62,15,27,0
6778,62,15,27,0
6779,62,15,27,0
6780,62,15,27,0
6781,62,15,27,0
6782,62,15,27,0
6783,62,15,27,0
6784,62,15,27,0
6785,62,15,27,0
6786,62,15,27,0
6787,62,15,27,0
6788,62,15,27,0
6789,62,15,27,0
6790,62,15,27,0
6791,62,15,27,0
6792,62,15,27,0
6793,62,15,27,0
6794,62,15,27,0
6795,62,15,27,0
6796,62,15,27,0
6797,62,15,27,0
6798,62,15,27,0
6799,62,15,27,0
6800,62,15,27,0
6801,62,15,27,0
6802,62,15,27,0
6803,62,15,27,0
6804,62,15,27,0
6805,62,15,27,0
6806,62,15,27,0
6807,62,15,27,0
6808,62,15,27,0
6809,62,15,27,0
6810,62,15,27,0
6811,62,15,27,0
6812,62,15,27,0
6813,62,15,27,0
6814,62,15,27,0
6815,62,15,27,0
6816,62,15,27,0
6817,62,15,27,0
6818,62,15,27,0
6819,62,15,27,0
6820,62,15,27,0
6821,62,15,27,0
6822,62,15,27,0
6823,62,15,27,0
6824,62,15,27,0
6825,62,15,27,0
6826,62,15,27,0
6827,62,15,27,0
6828,62,15,27,0
6829,62,15,27,0
6830,62,15,27,0
6831,62,15,27,0
6832,62,15,27,0
6833,62,15,27,0
6834,62,15,27,0
6835,62,15,27,0
6836,62,15,27,0
6837,62,15,27,0
6838,62,15,27,0
6839,62,15,27,0
6840,62,15,27,0
6841,62,15,27,0
6842,62,15,27,0
6843,62,15,27,0
6844,62,15,27,0
6845,62,15,27,0
6846,62,15,27,0
6847,62,15,27,0
6848,62,15,27,0
6849,62,15,27,0
6850,62,15,27,0
6851,62,15,27,0
6852,62,15,27,0
6853,62,15,27,0
6854,62,15,27,0
6855,62,15,27,0
6856,62,15,27,0
6857,62,15,27,0
6858,62,15,27,0
6859,62,15,27,0
6860,62,15,27,0
6861,62,15,27,0
6862,62,15,27,0
6863,62,15,27,0
6864,62,15,27,0
6865,62,15,27,0
6866,62,15,27,0
6867,62,15,27,0
6868,62,15,27,0
6869,62,15,27,0
6870,62,15,27,0
6871,62,15,27,0
6872,62,15,27,0
6873,62,15,27,0
6874,62,15,27,0
6875,62,15,27,0
6876,62,15,27,0
6877,62,15,27,0
6878,62,15,27,0
6879,62,15,27,0
6880,62,15,27,0
6881,62,15,27,0
6882,62,15,27,0
6883,62,15,27,0
6884,62,15,27,0
6885,62,15,27,0
6886,62,15,27,0
6887,62,15,27,0
6888,62,15,27,0
6889,62,15,27,0
6890,62,15,27,0
6891,62,15,27,0
6892,62,15,27,0
6893,62,15,27,0
6894,62,15,27,0
6895,62,15,27,0
6896,62,15,27,0
6897,62,15,27,0
6898,62,15,27,0
6899,62,15,27,0
6900,62,15,27,0
6901,62,15,27,0
6902,62,15,27,0
6903,62,15,27,0
6904,62,15,27,0
6905,62,15,27,0
6906,62,15,27,0
6907,62,15,27,0
6908,62,15,27,0
6909,62,15,27,0
6910,62,15,27,0
6911,62,15,27,0
6912,62,15,27,0
6913,62,15,27,0
6914,62,15,27,0
6915,62,15,27,0
6916,62,15,27,0
6917,62,15,27,0
6918,62,15,27,0
6919,62,15,27,0
6920,62,15,27,0
6921,62,15,27,0
6922,62,15,27,0
6923,62,15,27,0
6924,62,15,27,0
6925,62,15,27,0
6926,62,15,27,0
6927,62,15,27,0
6928,62,15,27,0
6929,62,15,27,0
6930,62,15,27,0
6931,62,15,27,0
6932,62,15,27,0
6933,62,15,27,0
6934,62,15,27,0
6935,62,15,27,0
6936,62,15,27,0
6937,62,15,27,0
6938,62,15,27,0
6939,62,15,27,0
6940,62,15,27,0
6941,62,15,27,0
6942,62,15,27,0
6943,62,15,27,0
6944,62,15,27,0
6945,62,15,27,0
6946,62,15,27,0
6947,62,15,27,0
6948,62,15,27,0
6949,62,15,27,0
6950,62,15,27,0
6951,62,15,27,0
6952,62,15,27,0
6953,62,15,27,0
6954,62,15,27,0
6955,62,15,27,0
6956,62,15,27,0
6957,62,15,27,0
6958,62,15,27,0
6959,62,15,27,0
6960,62,15,27,0
6961,62,15,27,0
6962,62,15,27,0
6963,62,15,27,0
6964,62,15,27,0
6965,62,15,27,0
6966,62,15,27,0
6967,62,15,27,0
6968,62,15,27,0
6969,62,15,27,0
6970,62,15,27,0
6971,62,15,27,0
6972,62,15,27,0
6973,62,15,27,0
6974,62,15,27,0
6975,62,15,27,0
6976,62,15,27,0
6977,62,15,27,0
6978,62,15,27,0
6979,62,15,27,0
6980,62,15,27,0
6981,62,15,27,0
6982,62,15,27,0
6983,62,15,27,0
6984,62,15,27,0
6985,62,15,27,0
6986,62,15,27,0
6987,62,15,27,0
6988,62,15,27,0
6989,62,15,27,0
6990,62,15,27,0
6991,62,15,27,0
6992,62,15,27,0
6993,62,15,27,0
6994,62,15,27,0
6995,62,15,27,0
6996,62,15,27,0
6997,62,15,27,0
6998,62,15,27,0
6999,62,15,27,0
7000,62,15,27,0
7001,62,15,27,0
7002,62,15,27,0
7003,62,15,27,0
7004,62,15,27,0
7005,62,15,27,0
7006,62,15,27,0
7007,62,15,27,0
7008,62,15,27,0
7009,62,15,27,0
7010,62,15,27,0
7011,62,15,27,0
7012,62,15,27,0
7013,62,15,27,0
7014,62,15,27,0
7015,62,15,27,0
7016,62,15,27,0
7017,62,15,27,0
7018,62,15,27,0
7019,62,15,27,0
7020,62,15,27,0
7021,62,15,27,0
7022,62,15,27,0
7023,62,15,27,0
7024,62,15,27,0
7025,62,15,27,0
7026,62,15,27,0
7027,62,15,27,0
7028,62,15,27,0
7029,62,15,27,0
7030,62,15,27,0
7031,62,15,27,0
7032,62,15,27,0
7033,62,15,27,0
7034,62,15,27,0
7035,62,15,27,0
7036,62,15,27,0
7037,62,15,27,0
7038,62,15,27,0
7039,62,15,27,0
7040,62,15,27,0
7041,62,15,27,0
7042,62,15,27,0
7043,62,15,27,0
7044,62,15,27,0
7045,62,15,27,0
7046,62,15,27,0
7047,62,15,27,0
7048,62,15,27,0
7049,62,15,27,0
7050,62,15,27,0
7051,62,15,27,0
7052,62,15,27,0
7053,62,15,27,0
7054,62,15,27,0
7055,62,15,27,0
7056,62,15,27,0
7057,62,15,27,0
7058,62,15,27,0
7059,62,15,27,0
7060,62,15,27,0
7061,62,15,27,0
7062,62,15,27,0
7063,62,15,27,0
7064,62,15,27,0
7065,62,15,27,0
7066,62,15,27,0
7067,62,15,27,0
7068,62,15,27,0
7069,62,15,27,0
7070,62,15,27,0
7071,62,15,27,0
7072,62,15,27,0
7073,62,15,27,0
7074,62,15,27,0
7075,62,15,27,0
7076,62,15,27,0
7077,62,15,27,0
7078,62,15,27,0
7079,62,15,27,0
7080,62,15,27,0
7081,62,15,27,0
7082,62,15,27,0
7083,62,15,27,0
7084,62,15,27,0
7085,62,15,27,0
7086,62,15,27,0
7087,62,15,27,0
7088,62,15,27,0
7089,62,15,27,0
7090,62,15,27,0
7091,62,15,27,0
7092,62,15,27,0
7093,62,15,27,0
7094,62,15,27,0
7095,62,15,27,0
7096,62,15,27,0
7097,62,15,27,0
7098,62,15,27,0
7099,62,15,27,0
7100,62,15,27,0
7101,62,15,27,0
7102,62,15,27,0
7103,62,15,27,0
7104,62,15,27,0
7105,62,15,27,0
7106,62,15,27,0
7107,62,15,27,0
7108,62,15,27,0
7109,62,15,27,0
7110,62,15,27,0
7111,62,15,27,0
7112,62,15,27,0
7113,62,15,27,0
7114,62,15,27,0
7115,62,15,27,0
7116,62,15,27,0
7117,62,15,27,0
7118,62,15,27,0
7119,62,15,27,0
7120,62,15,27,0
7121,62,15,27,0
7122,62,15,27,0
7123,62,15,27,0
7124,62,15,27,0
7125,62,15,27,0
7126,62,15,27,0
7127,62,15,27,0
7128,62,15,27,0
7129,62,15,27,0
7130,62,15,27,0
7131,62,15,27,0
7132,62,15,27,0
7133,62,15,27,0
7134,62,15,27,0
7135,62,15,27,0
7136,62,15,27,0
7137,62,15,27,0
7138,62,15,27,0
7139,62,15,27,0
7140,62,15,27,0
7141,62,15,27,0
7142,62,15,27,0
7143,62,15,27,0
7144,62,15,27,0
7145,62,15,27,0
7146,62,15,27,0
7147,62,15,27,0
7148,62,15,27,0
7149,62,15,27,0
7150,62,15,27,0
7151,62,15,27,0
7152,62,15,27,0
7153,62,15,27,0
7154,62,15,27,0
7155,62,15,27,0
7156,62,15,27,0
7157,62,15,27,0
7158,62,15,27,0
7159,62,15,27,0
7160,62,15,27,0
7161,62,15,27,0
7162,62,15,27,0
7163,62,15,27,0
7164,62,15,27,0
7165,62,15,27,0
7166,62,15,27,0
7167,62,15,27,0
7168,62,15,27,0
7169,62,15,27,0
7170,62,15,27,0
7171,62,15,27,0
7172,62,15,27,0
7173,62,15,27,0
7174,62,15,27,0
7175,62,15,27,0
7176,62,15,27,0
7177,62,15,27,0
7178,62,15,27,0
7179,62,15,27,0
7180,62,15,27,0
7181,62,15,27,0
7182,62,15,27,0
7183,62,15,27,0
7184,62,15,27,0
7185,62,15,27,0
7186,62,15,27,0
7187,62,15,27,0
7188,62,15,27,0
7189,62,15,27,0
7190,62,15,27,0
7191,62,15,27,0
7192,62,15,27,0
7193,62,15,27,0
7194,62,15,27,0
7195,62,15,27,0
7196,62,15,27,0
7197,62,15,27,0
7198,62,15,27,0
7199,62,15,27,0
7200,62,15,27,0
7201,62,15,27,0
7202,62,15,27,0
7203,62,15,27,0
7204,62,15,27,0
7205,62,15,27,0
7206,62,15,27,0
7207,62,15,27,0
7208,62,15,27,0
7209,62,15,27,0
7210,62,15,27,0
7211,62,15,27,0
7212,62,15,27,0
7213,62,15,27,0
7214,62,15,27,0
7215,62,15,27,0
7216,62,15,27,0
7217,62,15,27,0
7218,62,15,27,0
7219,62,15,27,0
7220,62,15,27,0
7221,62,15,27,0
7222,62,15,27,0
7223,62,15,27,0
7224,62,15,27,0
7225,62,15,27,0
7226,62,15,27,0
7227,62,15,27,0
7228,62,15,27,0
7229,62,15,27,0
7230,62,15,27,0
7231,62,15,27,0
7232,62,15,27,0
7233,62,15,27,0
7234,62,15,27,0
7235,62,15,27,0
7236,62,15,27,0
7237,62,15,27,0
7238,62,15,27,0
7239,62,15,27,0
7240,62,15,27,0
7241,62,15,27,0
7242,62,15,27,0
7243,62,15,27,0
7244,62,15,27,0
7245,62,15,27,0
7246,62,15,27,0
7247,62,15,27,0
7248,62,15,27,0
7249,62,15,27,0
7250,62,15,27,0
7251,62,15,27,0
7252,62,15,27,0
7253,62,15,27,0
7254,62,15,27,0
7255,62,15,27,0
7256,62,15,27,0
7257,62,15,27,0
7258,62,15,27,0
7259,62,15,27,0
7260,62,15,27,0
7261,62,15,27,0
7262,62,15,27,0
7263,62,15,27,0
7264,62,15,27,0
7265,62,15,27,0
7266,62,15,27,0
7267,62,15,27,0
7268,62,15,27,0
7269,62,15,27,0
7270,62,15,27,0
7271,62,15,27,0
7272,62,15,27,0
7273,62,15,27,0
7274,62,15,27,0
7275,62,15,27,0
7276,62,15,27,0
7277,62,15,27,0
7278,62,15,27,0
7279,62,15,27,0
7280,62,15,27,0
7281,62,15,27,0
7282,62,15,27,0
7283,62,15,27,0
7284,62,15,27,0
7285,62,15,27,0
7286,62,15,27,0
7287,62,15,27,0
7288,62,15,27,0
7289,62,15,27,0
7290,62,15,27,0
7291,62,15,27,0
7292,62,15,27,0
7293,62,15,27,0
7294,62,15,27,0
7295,62,15,27,0
7296,62,15,27,0
7297,62,15,27,0
7298,62,15,27,0
7299,62,15,27,0
7300,62,15,27,0
7301,62,15,27,0
7302,62,15,27,0
7303,62,15,27,0
7304,62,15,27,0
7305,62,15,27,0
7306,62,15,27,0
7307,62,15,27,0
7308,62,15,27,0
7309,62,15,27,0
7310,62,15,27,0
7311,62,15,27,0
7312,62,15,27,0
7313,62,15,27,0
7314,62,15,27,0
7315,62,15,27,0
7316,62,15,27,0
7317,62,15,27,0
7318,62,15,27,0
7319,62,15,27,0
7320,62,15,27,0
7321,62,15,27,0
7322,62,15,27,0
7323,62,15,27,0
7324,62,15,27,0
7325,62,15,27,0
7326,62,15,27,0
7327,62,15,27,0
7328,62,15,27,0
7329,62,15,27,0
7330,62,15,27,0
7331,62,15,27,0
7332,62,15,27,0
7333,62,15,27,0
7334,62,15,27,0
7335,62,15,27,0
7336,62,15,27,0
7337,62,15,27,0
7338,62,15,27,0
7339,62,15,27,0
7340,62,15,27,0
7341,62,15,27,0
7342,62,15,27,0
7343,62,15,27,0
7344,62,15,27,0
7345,62,15,27,0
7346,62,15,27,0
7347,62,15,27,0
7348,62,15,27,0
7349,62,15,27,0
7350,62,15,27,0
7351,62,15,27,0
7352,62,15,27,0
7353,62,15,27,0
7354,62,15,27,0
7355,62,15,27,0
7356,62,15,27,0
7357,62,15,27,0
7358,62,15,27,0
7359,62,15,27,0
7360,62,15,27,0
7361,62,15,27,0
7362,62,15,27,0
7363,62,15,27,0
7364,62,15,27,0
7365,62,15,27,0
7366,62,15,27,0
7367,62,15,27,0
7368,62,15,27,0
7369,62,15,27,0
7370,62,15,27,0
7371,62,15,27,0
7372,62,15,27,0
7373,62,15,27,0
7374,62,15,27,0
7375,62,15,27,0
7376,62,15,27,0
7377,62,15,27,0
7378,62,15,27,0
7379,62,15,27,0
7380,62,15,27,0
7381,62,15,27,0
7382,62,15,27,0
7383,62,15,27,0
7384,62,15,27,0
7385,62,15,27,0
7386,62,15,27,0
7387,62,15,27,0
7388,62,15,27,0
7389,62,15,27,0
7390,62,15,27,0
7391,62,15,27,0
7392,62,15,27,0
7393,62,15,27,0
7394,62,15,27,0
7395,62,15,27,0
7396,62,15,27,0
7397,62,15,27,0
7398,62,15,27,0
7399,62,15,27,0
7400,62,15,27,0
7401,62,15,27,0
7402,62,15,27,0
7403,62,15,27,0
7404,62,15,27,0
7405,62,15,27,0
7406,62,15,27,0
7407,62,15,27,0
7408,62,15,27,0
7409,62,15,27,0
7410,62,15,27,0
7411,62,15,27,0
7412,62,15,27,0
7413,62,15,27,0
7414,62,15,27,0
7415,62,15,27,0
7416,62,15,27,0
7417,62,15,27,0
7418,62,15,27,0
7419,62,15,27,0
7420,62,15,27,0
7421,62,15,27,0
7422,62,15,27,0
7423,62,15,27,0
7424,62,15,27,0
7425,62,15,27,0
7426,62,15,27,0
7427,62,15,27,0
7428,62,15,27,0
7429,62,15,27,0
7430,62,15,27,0
7431,62,15,27,0
7432,62,15,27,0
7433,62,15,27,0
7434,62,15,27,0
7435,62,15,27,0
7436,62,15,27,0
7437,62,15,27,0
7438,62,15,27,0
7439,62,15,27,0
7440,62,15,27,0
7441,62,15,27,0
7442,62,15,27,0
7443,62,15,27,0
7444,62,15,27,0
7445,62,15,27,0
7446,62,15,27,0
7447,62,15,27,0
7448,62,15,27,0
7449,62,15,27,0
7450,62,15,27,0
7451,62,15,27,0
7452,62,15,27,0
7453,62,15,27,0
7454,62,15,27,0
7455,62,15,27,0
7456,62,15,27,0
7457,62,15,27,0
7458,62,15,27,0
7459,62,15,27,0
7460,62,15,27,0
7461,62,15,27,0
7462,62,15,27,0
7463,62,15,27,0
7464,62,15,27,0
7465,62,15,27,0
7466,62,15,27,0
7467,62,15,27,0
7468,62,15,27,0
7469,62,15,27,0
7470,62,15,27,0
7471,62,15,27,0
7472,62,15,27,0
7473,62,15,27,0
7474,62,15,27,0
7475,62,15,27,0
7476,62,15,27,0
7477,62,15,27,0
7478,62,15,27,0
7479,62,15,27,0
7480,62,15,27,0
7481,62,15,27,0
7482,62,15,27,0
7483,62,15,27,0
7484,62,15,27,0
7485,62,15,27,0
7486,62,15,27,0
7487,62,15,27,0
7488,62,15,27,0
7489,62,15,27,0
7490,62,15,27,0
7491,62,15,27,0
7492,62,15,27,0
7493,62,15,27,0
7494,62,15,27,0
7495,62,15,27,0
7496,62,15,27,0
7497,62,15,27,0
7498,62,15,27,0
7499,62,15,27,0
7500,62,15,27,0
7501,62,15,27,0
7502,62,15,27,0
7503,62,15,27,0
7504,62,15,27,0
7505,62,15,27,0
7506,62,15,27,0
7507,62,15,27,0
7508,62,15,27,0
7509,62,15,27,0
7510,62,15,27,0
7511,62,15,27,0
7512,62,15,27,0
7513,62,15,27,0
7514,62,15,27,0
7515,62,15,27,0
7516,62,15,27,0
7517,62,15,27,0
7518,62,15,27,0
7519,62,15,27,0
7520,62,15,27,0
7521,62,15,27,0
7522,62,15,27,0
7523,62,15,27,0
7524,62,15,27,0
7525,62,15,27,0
7526,62,15,27,0
7527,62,15,27,0
7528,62,15,27,0
7529,62,15,27,0
7530,62,15,27,0
7531,62,15,27,0
7532,62,15,27,0
7533,62,15,27,0
7534,62,15,27,0
7535,62,15,27,0
7536,62,15,27,0
7537,62,15,27,0
7538,62,15,27,0
7539,62,15,27,0
7540,62,15,27,0
7541,62,15,27,0
7542,62,15,27,0
7543,62,15,27,0
7544,62,15,27,0
7545,62,15,27,0
7546,62,15,27,0
7547,62,15,27,0
7548,62,15,27,0
7549,62,15,27,0
7550,62,15,27,0
7551,62,15,27,0
7552,62,15,27,0
7553,62,15,27,0
7554,62,15,27,0
7555,62,15,27,0
7556,62,15,27,0
7557,62,15,27,0
7558,62,15,27,0
7559,62,15,27,0
7560,62,15,27,0
7561,62,15,27,0
7562,62,15,27,0
7563,62,15,27,0
7564,62,15,27,0
7565,62,15,27,0
7566,62,15,27,0
7567,62,15,27,0
7568,62,15,27,0
7569,62,15,27,0
7570,62,15,27,0
7571,62,15,27,0
7572,62,15,27,0
7573,62,15,27,0
7574,62,15,27,0
7575,62,15,27,0
7576,62,15,27,0
7577,62,15,27,0
7578,62,15,27,0
7579,62,15,27,0
7580,62,15,27,0
7581,62,15,27,0
7582,62,15,27,0
7583,62,15,27,0
7584,62,15,27,0
7585,62,15,27,0
7586,62,15,27,0
7587,62,15,27,0
7588,62,15,27,0
7589,62,15,27,0
7590,62,15,27,0
7591,62,15,27,0
7592,62,15,27,0
7593,62,15,27,0
7594,62,15,27,0
7595,62,15,27,0
7596,62,15,27,0
7597,62,15,27,0
7598,62,15,27,0
7599,62,15,27,0
7600,62,15,27,0
7601,62,15,27,0
7602,62,15,27,0
7603,62,15,27,0
7604,62,15,27,0
7605,62,15,27,0
7606,62,15,27,0
7607,62,15,27,0
7608,62,15,27,0
7609,62,15,27,0
7610,62,15,27,0
7611,62,15,27,0
7612,62,15,27,0
7613,62,15,27,0
7614,62,15,27,0
7615,62,15,27,0
7616,62,15,27,0
7617,62,15,27,0
7618,62,15,27,0
7619,62,15,27,0
7620,62,15,27,0
7621,62,15,27,0
7622,62,15,27,0
7623,62,15,27,0
7624,62,15,27,0
7625,62,15,27,0
7626,62,15,27,0
7627,62,15,27,0
7628,62,15,27,0
7629,62,15,27,0
7630,62,15,27,0
7631,62,15,27,0
7632,62,15,27,0
7633,62,15,27,0
7634,62,15,27,0
7635,62,15,27,0
7636,62,15,27,0
7637,62,15,27,0
7638,62,15,27,0
7639,62,15,27,0
7640,62,15,27,0
7641,62,15,27,0
7642,62,15,27,0
7643,62,15,27,0
7644,62,15,27,0
7645,62,15,27,0
7646,62,15,27,0
7647,62,15,27,0
7648,62,15,27,0
7649,62,15,27,0
7650,62,15,27,0
7651,62,15,27,0
7652,62,15,27,0
7653,62,15,27,0
7654,62,15,27,0
7655,62,15,27,0
7656,62,15,27,0
7657,62,15,27,0
7658,62,15,27,0
7659,62,15,27,0
7660,62,15,27,0
7661,62,15,27,0
7662,62,15,27,0
7663,62,15,27,0
7664,62,15,27,0
7665,62,15,27,0
7666,62,15,27,0
7667,62,15,27,0
7668,62,15,27,0
7669,62,15,27,0
7670,62,15,27,0
7671,62,15,27,0
7672,62,15,27,0
7673,62,15,27,0
7674,62,15,27,0
7675,62,15,27,0
7676,62,15,27,0
7677,62,15,27,0
7678,62,15,27,0
7679,62,15,27,0
7680,62,15,27,0
7681,62,15,27,0
7682,62,15,27,0
7683,62,15,27,0
7684,62,15,27,0
7685,62,15,27,0
7686,62,15,27,0
7687,62,15,27,0
7688,62,15,27,0
7689,62,15,27,0
7690,62,15,27,0
7691,62,15,27,0
7692,62,15,27,0
7693,62,15,27,0
7694,62,15,27,0
7695,62,15,27,0
7696,62,15,27,0
7697,62,15,27,0
7698,62,15,27,0
7699,62,15,27,0
7700,62,15,27,0
7701,62,15,27,0
7702,62,15,27,0
7703,62,15,27,0
7704,62,15,27,0
7705,62,15,27,0
7706,62,15,27,0
7707,62,15,27,0
7708,62,15,27,0
7709,62,15,27,0
7710,62,15,27,0
7711,62,15,27,0
7712,62,15,27,0
7713,62,15,27,0
7714,62,15,27,0
7715,62,15,27,0
7716,62,15,27,0
7717,62,15,27,0
7718,62,15,27,0
7719,62,15,27,0
7720,62,15,27,0
7721,62,15,27,0
7722,62,15,27,0
7723,62,15,27,0
7724,62,15,27,0
7725,62,15,27,0
7726,62,15,27,0
7727,62,15,27,0
7728,62,15,27,0
7729,62,15,27,0
7730,62,15,27,0
7731,62,15,27,0
7732,62,15,27,0
7733,62,15,27,0
7734,62,15,27,0
7735,62,15,27,0
7736,62,15,27,0
7737,62,15,27,0
7738,62,15,27,0
7739,62,15,27,0
7740,62,15,27,0
7741,62,15,27,0
7742,62,15,27,0
7743,62,15,27,0
7744,62,15,27,0
7745,62,15,27,0
7746,62,15,27,0
7747,62,15,27,0
7748,62,15,27,0
7749,62,15,27,0
7750,62,15,27,0
7751,62,15,27,0
7752,62,15,27,0
7753,62,15,27,0
7754,62,15,27,0
7755,62,15,27,0
7756,62,15,27,0
7757,62,15,27,0
7758,62,15,27,0
7759,62,15,27,0
7760,62,15,27,0
7761,62,15,27,0
7762,62,15,27,0
7763,62,15,27,0
7764,62,15,27,0
7765,62,15,27,0
7766,62,15,27,0
7767,62,15,27,0
7768,62,15,27,0
7769,62,15,27,0
7770,62,15,27,0
7771,62,15,27,0
7772,62,15,27,0
7773,62,15,27,0
7774,62,15,27,0
7775,62,15,27,0
7776,62,15,27,0
7777,62,15,27,0
7778,62,15,27,0
7779,62,15,27,0
7780,62,15,27,0
7781,62,15,27,0
7782,62,15,27,0
7783,62,15,27,0
7784,62,15,27,0
7785,62,15,27,0
7786,62,15,27,0
7787,62,15,27,0
7788,62,15,27,0
7789,62,15,27,0
7790,62,15,27,0
7791,62,15,27,0
7792,62,15,27,0
7793,62,15,27,0
7794,62,15,27,0
7795,62,15,27,0
7796,62,15,27,0
7797,62,15,27,0
7798,62,15,27,0
7799,62,15,27,0
7800,62,15,27,0
7801,62,15,27,0
7802,62,15,27,0
7803,62,15,27,0
7804,62,15,27,0
7805,62,15,27,0
7806,62,15,27,0
7807,62,15,27,0
7808,62,15,27,0
7809,62,15,27,0
7810,62,15,27,0
7811,62,15,27,0
7812,62,15,27,0
7813,62,15,27,0
7814,62,15,27,0
7815,62,15,27,0
7816,62,15,27,0
7817,62,15,27,0
7818,62,15,27,0
7819,62,15,27,0
7820,62,15,27,0
7821,62,15,27,0
7822,62,15,27,0
7823,62,15,27,0
7824,62,15,27,0
7825,62,15,27,0
7826,62,15,27,0
7827,62,15,27,0
7828,62,15,27,0
7829,62,15,27,0
7830,62,15,27,0
7831,62,15,27,0
7832,62,15,27,0
7833,62,15,27,0
7834,62,15,27,0
7835,62,15,27,0
7836,62,15,27,0
7837,62,15,27,0
7838,62,15,27,0
7839,62,15,27,0
7840,62,15,27,0
7841,62,15,27,0
7842,62,15,27,0
7843,62,15,27,0
7844,62,15,27,0
7845,62,15,27,0
7846,62,15,27,0
7847,62,15,27,0
7848,62,15,27,0
7849,62,15,27,0
7850,62,15,27,0
7851,62,15,27,0
7852,62,15,27,0
7853,62,15,27,0
7854,62,15,27,0
7855,62,15,27,0
7856,62,15,27,0
7857,62,15,27,0
7858,62,15,27,0
7859,62,15,27,0
7860,62,15,27,0
7861,62,15,27,0
7862,62,15,27,0
7863,62,15,27,0
7864,62,15,27,0
7865,62,15,27,0
7866,62,15,27,0
7867,62,15,27,0
7868,62,15,27,0
7869,62,15,27,0
7870,62,15,27,0
7871,62,15,27,0
7872,62,15,27,0
7873,62,15,27,0
7874,62,15,27,0
7875,62,15,27,0
7876,62,15,27,0
7877,62,15,27,0
7878,62,15,27,0
7879,62,15,27,0
7880,62,15,27,0
7881,62,15,27,0
7882,62,15,27,0
7883,62,15,27,0
7884,62,15,27,0
7885,62,15,27,0
7886,62,15,27,0
7887,62,15,27,0
7888,62,15,27,0
7889,62,15,27,0
7890,62,15,27,0
7891,62,15,27,0
7892,62,15,27,0
7893,62,15,27,0
7894,62,15,27,0
7895,62,15,27,0
7896,62,15,27,0
7897,62,15,27,0
7898,62,15,27,0
7899,62,15,27,0
7900,62,15,27,0
7901,62,15,27,0
7902,62,15,27,0
7903,62,15,27,0
7904,62,15,27,0
7905,62,15,27,0
7906,62,15,27,0
7907,62,15,27,0
7908,62,15,27,0
7909,62,15,27,0
7910,62,15,27,0
7911,62,15,27,0
7912,62,15,27,0
7913,62,15,27,0
7914,62,15,27,0
7915,62,15,27,0
7916,62,15,27,0
7917,62,15,27,0
7918,62,15,27,0
7919,62,15,27,0
7920,62,15,27,0
7921,62,15,27,0
7922,62,15,27,0
7923,62,15,27,0
7924,62,15,27,0
7925,62,15,27,0
7926,62,15,27,0
7927,62,15,27,0
7928,62,15,27,0
7929,62,15,27,0
7930,62,15,27,0
7931,62,15,27,0
7932,62,15,27,0
7933,62,15,27,0
7934,62,15,27,0
7935,62,15,27,0
7936,62,15,27,0
7937,62,15,27,0
7938,62,15,27,0
7939,62,15,27,0
7940,62,15,27,0
7941,62,15,27,0
7942,62,15,27,0
7943,62,15,27,0
7944,62,15,27,0
7945,62,15,27,0
7946,62,15,27,0
7947,62,15,27,0
7948,62,15,27,0
7949,62,15,27,0
7950,62,15,27,0
7951,62,15,27,0
7952,62,15,27,0
7953,62,15,27,0
7954,62,15,27,0
7955,62,15,27,0
7956,62,15,27,0
7957,62,15,27,0
7958,62,15,27,0
7959,62,15,27,0
7960,62,15,27,0
7961,62,15,27,0
7962,62,15,27,0
7963,62,15,27,0
7964,62,15,27,0
7965,62,15,27,0
7966,62,15,27,0
7967,62,15,27,0
7968,62,15,27,0
7969,62,15,27,0
7970,62,15,27,0
7971,62,15,27,0
7972,62,15,27,0
7973,62,15,27,0
7974,62,15,27,0
7975,62,15,27,0
7976,62,15,27,0
7977,62,15,27,0
7978,62,15,27,0
7979,62,15,27,0
7980,62,15,27,0
7981,62,15,27,0
7982,62,15,27,0
7983,62,15,27,0
7984,62,15,27,0
7985,62,15,27,0
7986,62,15,27,0
7987,62,15,27,0
7988,62,15,27,0
7989,62,15,27,0
7990,62,15,27,0
7991,62,15,27,0
7992,62,15,27,0
7993,62,15,27,0
7994,62,15,27,0
7995,62,15,27,0
7996,62,15,27,0
7997,62,15,27,0
7998,62,15,27,0
7999,62,15,27,0
8000,62,15,27,0
8001,62,15,27,0
8002,62,15,27,0
8003,62,15,27,0
8004,62,15,27,0
8005,62,15,27,0
8006,62,15,27,0
8007,62,15,27,0
8008,62,15,27,0
8009,62,15,27,0
8010,62,15,27,0
8011,62,15,27,0
8012,62,15,27,0
8013,62,15,27,0
8014,62,15,27,0
8015,62,15,27,0
8016,62,15,27,0
8017,62,15,27,0
8018,62,15,27,0
8019,62,15,27,0
8020,62,15,27,0
8021,62,15,27,0
8022,62,15,27,0
8023,62,15,27,0
8024,62,15,27,0
8025,62,15,27,0
8026,62,15,27,0
8027,62,15,27,0
8028,62,15,27,0
8029,62,15,27,0
8030,62,15,27,0
8031,62,15,27,0
8032,62,15,27,0
8033,62,15,27,0
8034,62,15,27,0
8035,62,15,27,0
8036,62,15,27,0
8037,62,15,27,0
8038,62,15,27,0
8039,62,15,27,0
8040,62,15,27,0
8041,62,15,27,0
8042,62,15,27,0
8043,62,15,27,0
8044,62,15,27,0
8045,62,15,27,0
8046,62,15,27,0
8047,62,15,27,0
8048,62,15,27,0
8049,62,15,27,0
8050,62,15,27,0
8051,62,15,27,0
8052,62,15,27,0
8053,62,15,27,0
8054,62,15,27,0
8055,62,15,27,0
8056,62,15,27,0
8057,62,15,27,0
8058,62,15,27,0
8059,62,15,27,0
8060,62,15,27,0
8061,62,15,27,0
8062,62,15,27,0
8063,62,15,27,0
8064,62,15,27,0
8065,62,15,27,0
8066,62,15,27,0
8067,62,15,27,0
8068,62,15,27,0
8069,62,15,27,0
8070,62,15,27,0
8071,62,15,27,0
8072,62,15,27,0
8073,62,15,27,0
8074,62,15,27,0
8075,62,15,27,0
8076,62,15,27,0
8077,62,15,27,0
8078,62,15,27,0
8079,62,15,27,0
8080,62,15,27,0
8081,62,15,27,0
8082,62,15,27,0
8083,62,15,27,0
8084,62,15,27,0
8085,62,15,27,0
8086,62,15,27,0
8087,62,15,27,0
8088,62,15,27,0
8089,62,15,27,0
8090,62,15,27,0
8091,62,15,27,0
8092,62,15,27,0
8093,62,15,27,0
8094,62,15,27,0
8095,62,15,27,0
8096,62,15,27,0
8097,62,15,27,0
8098,62,15,27,0
8099,62,15,27,0
8100,62,15,27,0
8101,62,15,27,0
8102,62,15,27,0
8103,62,15,27,0
8104,62,15,27,0
8105,62,15,27,0
8106,62,15,27,0
8107,62,15,27,0
8108,62,15,27,0
8109,62,15,27,0
8110,62,15,27,0
8111,62,15,27,0
8112,62,15,27,0
8113,62,15,27,0
8114,62,15,27,0
8115,62,15,27,0
8116,62,15,27,0
8117,62,15,27,0
8118,62,15,27,0
8119,62,15,27,0
8120,62,15,27,0
8121,62,15,27,0
8122,62,15,27,0
8123,62,15,27,0
8124,62,15,27,0
8125,62,15,27,0
8126,62,15,27,0
8127,62,15,27,0
8128,62,15,27,0
8129,62,15,27,0
8130,62,15,27,0
8131,62,15,27,0
8132,62,15,27,0
8133,62,15,27,0
8134,62,15,27,0
8135,62,15,27,0
8136,62,15,27,0
8137,62,15,27,0
8138,62,15,27,0
8139,62,15,27,0
8140,62,15,27,0
8141,62,15,27,0
8142,62,15,27,0
8143,62,15,27,0
8144,62,15,27,0
8145,62,15,27,0
8146,62,15,27,0
8147,62,15,27,0
8148,62,15,27,0
8149,62,15,27,0
8150,62,15,27,0
8151,62,15,27,0
8152,62,15,27,0
8153,62,15,27,0
8154,62,15,27,0
8155,62,15,27,0
8156,62,15,27,0
8157,62,15,27,0
8158,62,15,27,0
8159,62,15,27,0
8160,62,15,27,0
8161,62,15,27,0
8162,62,15,27,0
8163,62,15,27,0
8164,62,15,27,0
8165,62,15,27,0
8166,62,15,27,0
8167,62,15,27,0
8168,62,15,27,0
8169,62,15,27,0
8170,62,15,27,0
8171,62,15,27,0
8172,62,15,27,0
8173,62,15,27,0
8174,62,15,27,0
8175,62,15,27,0
8176,62,15,27,0
8177,62,15,27,0
8178,62,15,27,0
8179,62,15,27,0
8180,62,15,27,0
8181,62,15,27,0
8182,62,15,27,0
8183,62,15,27,0
8184,62,15,27,0
8185,62,15,27,0
8186,62,15,27,0
8187,62,15,27,0
8188,62,15,27,0
8189,62,15,27,0
8190,62,15,27,0
8191,62,15,27,0
8192,62,15,27,0
8193,62,15,27,0
8194,62,15,27,0
8195,62,15,27,0
8196,62,15,27,0
8197,62,15,27,0
8198,62,15,27,0
8199,62,15,27,0
8200,62,15,27,0
8201,62,15,27,0
8202,62,15,27,0
8203,62,15,27,0
8204,62,15,27,0
8205,62,15,27,0
8206,62,15,27,0
8207,62,15,27,0
8208,62,15,27,0
8209,62,15,27,0
8210,62,15,27,0
8211,62,15,27,0
8212,62,15,27,0
8213,62,15,27,0
8214,62,15,27,0
8215,62,15,27,0
8216,62,15,27,0
8217,62,15,27,0
8218,62,15,27,0
8219,62,15,27,0
8220,62,15,27,0
8221,62,15,27,0
8222,62,15,27,0
8223,62,15,27,0
8224,62,15,27,0
8225,62,15,27,0
8226,62,15,27,0
8227,62,15,27,0
8228,62,15,27,0
8229,62,15,27,0
8230,62,15,27,0
8231,62,15,27,0
8232,62,15,27,0
8233,62,15,27,0
8234,62,15,27,0
8235,62,15,27,0
8236,62,15,27,0
8237,62,15,27,0
8238,62,15,27,0
8239,62,15,27,0
8240,62,15,27,0
8241,62,15,27,0
8242,62,15,27,0
8243,62,15,27,0
8244,62,15,27,0
8245,62,15,27,0
8246,62,15,27,0
8247,62,15,27,0
8248,62,15,27,0
8249,62,15,27,0
8250,62,15,27,0
8251,62,15,27,0
8252,62,15,27,0
8253,62,15,27,0
8254,62,15,27,0
8255,62,15,27,0
8256,62,15,27,0
8257,62,15,27,0
8258,62,15,27,0
8259,62,15,27,0
8260,62,15,27,0
8261,62,15,27,0
8262,62,15,27,0
8263,62,15,27,0
8264,62,15,27,0
8265,62,15,27,0
8266,62,15,27,0
8267,62,15,27,0
8268,62,15,27,0
8269,62,15,27,0
8270,62,15,27,0
8271,62,15,27,0
8272,62,15,27,0
8273,62,15,27,0
8274,62,15,27,0
8275,62,15,27,0
8276,62,15,27,0
8277,62,15,27,0
8278,62,15,27,0
8279,62,15,27,0
8280,62,15,27,0
8281,62,15,27,0
8282,62,15,27,0
8283,62,15,27,0
8284,62,15,27,0
8285,62,15,27,0
8286,62,15,27,0
8287,62,15,27,0
8288,62,15,27,0
8289,62,15,27,0
8290,62,15,27,0
8291,62,15,27,0
8292,62,15,27,0
8293,62,15,27,0
8294,62,15,27,0
8295,62,15,27,0
8296,62,15,27,0
8297,62,15,27,0
8298,62,15,27,0
8299,62,15,27,0
8300,62,15,27,0
8301,62,15,27,0
8302,62,15,27,0
8303,62,15,27,0
8304,62,15,27,0
8305,62,15,27,0
8306,62,15,27,0
8307,62,15,27,0
8308,62,15,27,0
8309,62,15,27,0
8310,62,15,27,0
8311,62,15,27,0
8312,62,15,27,0
8313,62,15,27,0
8314,62,15,27,0
8315,62,15,27,0
8316,62,15,27,0
8317,62,15,27,0
8318,62,15,27,0
8319,62,15,27,0
8320,62,15,27,0
8321,62,15,27,0
8322,62,15,27,0
8323,62,15,27,0
8324,62,15,27,0
8325,62,15,27,0
8326,62,15,27,0
8327,62,15,27,0
8328,62,15,27,0
8329,62,15,27,0
8330,62,15,27,0
8331,62,15,27,0
8332,62,15,27,0
8333,62,15,27,0
8334,62,15,27,0
8335,62,15,27,0
8336,62,15,27,0
8337,62,15,27,0
8338,62,15,27,0
8339,62,15,27,0
8340,62,15,27,0
8341,62,15,27,0
8342,62,15,27,0
8343,62,15,27,0
8344,62,15,27,0
8345,62,15,27,0
8346,62,15,27,0
8347,62,15,27,0
8348,62,15,27,0
8349,62,15,27,0
8350,62,15,27,0
8351,62,15,27,0
8352,62,15,27,0
8353,62,15,27,0
8354,62,15,27,0
8355,62,15,27,0
8356,62,15,27,0
8357,62,15,27,0
8358,62,15,27,0
8359,62,15,27,0
8360,62,15,27,0
8361,62,15,27,0
8362,62,15,27,0
8363,62,15,27,0
8364,62,15,27,0
8365,62,15,27,0
8366,62,15,27,0
8367,62,15,27,0
8368,62,15,27,0
8369,62,15,27,0
8370,62,15,27,0
8371,62,15,27,0
8372,62,15,27,0
8373,62,15,27,0
8374,62,15,27,0
8375,62,15,27,0
8376,62,15,27,0
8377,62,15,27,0
8378,62,15,27,0
8379,62,15,27,0
8380,62,15,27,0
8381,62,15,27,0
8382,62,15,27,0
8383,62,15,27,0
8384,62,15,27,0
8385,62,15,27,0
8386,62,15,27,0
8387,62,15,27,0
8388,62,15,27,0
8389,62,15,27,0
8390,62,15,27,0
8391,62,15,27,0
8392,62,15,27,0
8393,62,15,27,0
8394,62,15,27,0
8395,62,15,27,0
8396,62,15,27,0
8397,62,15,27,0
8398,62,15,27,0
8399,62,15,27,0
8400,62,15,27,0
8401,62,15,27,0
8402,62,15,27,0
8403,62,15,27,0
8404,62,15,27,0
8405,62,15,27,0
8406,62,15,27,0
8407,62,15,27,0
8408,62,15,27,0
8409,62,15,27,0
8410,62,15,27,0
8411,62,15,27,0
8412,62,15,27,0
8413,62,15,27,0
8414,62,15,27,0
8415,62,15,27,0
8416,62,15,27,0
8417,62,15,27,0
8418,62,15,27,0
8419,62,15,27,0
8420,62,15,27,0
8421,62,15,27,0
8422,62,15,27,0
8423,62,15,27,0
8424,62,15,27,0
8425,62,15,27,0
8426,62,15,27,0
8427,62,15,27,0
8428,62,15,27,0
8429,62,15,27,0
8430,62,15,27,0
8431,62,15,27,0
8432,62,15,27,0
8433,62,15,27,0
8434,62,15,27,0
8435,62,15,27,0
8436,62,15,27,0
8437,62,15,27,0
8438,62,15,27,0
8439,62,15,27,0
8440,62,15,27,0
8441,62,15,27,0
8442,62,15,27,0
8443,62,15,27,0
8444,62,15,27,0
8445,62,15,27,0
8446,62,15,27,0
8447,62,15,27,0
8448,62,15,27,0
8449,62,15,27,0
8450,62,15,27,0
8451,62,15,27,0
8452,62,15,27,0
8453,62,15,27,0
8454,62,15,27,0
8455,62,15,27,0
8456,62,15,27,0
8457,62,15,27,0
8458,62,15,27,0
8459,62,15,27,0
8460,62,15,27,0
8461,62,15,27,0
8462,62,15,27,0
8463,62,15,27,0
8464,62,15,27,0
8465,62,15,27,0
8466,62,15,27,0
8467,62,15,27,0
8468,62,15,27,0
8469,62,15,27,0
8470,62,15,27,0
8471,62,15,27,0
8472,62,15,27,0
8473,62,15,27,0
8474,62,15,27,0
8475,62,15,27,0
8476,62,15,27,0
8477,62,15,27,0
8478,62,15,27,0
8479,62,15,27,0
8480,62,15,27,0
8481,62,15,27,0
8482,62,15,27,0
8483,62,15,27,0
8484,62,15,27,0
8485,62,15,27,0
8486,62,15,27,0
8487,62,15,27,0
8488,62,15,27,0
8489,62,15,27,0
8490,62,15,27,0
8491,62,15,27,0
8492,62,15,27,0
8493,62,15,27,0
8494,62,15,27,0
8495,62,15,27,0
8496,62,15,27,0
8497,62,15,27,0
8498,62,15,27,0
8499,62,15,27,0
8500,62,15,27,0
8501,62,15,27,0
8502,62,15,27,0
8503,62,15,27,0
8504,62,15,27,0
8505,62,15,27,0
8506,62,15,27,0
8507,62,15,27,0
8508,62,15,27,0
8509,62,15,27,0
8510,62,15,27,0
8511,62,15,27,0
8512,62,15,27,0
8513,62,15,27,0
8514,62,15,27,0
8515,62,15,27,0
8516,62,15,27,0
8517,62,15,27,0
8518,62,15,27,0
8519,62,15,27,0
8520,62,15,27,0
8521,62,15,27,0
8522,62,15,27,0
8523,62,15,27,0
8524,62,15,27,0
8525,62,15,27,0
8526,62,15,27,0
8527,62,15,27,0
8528,62,15,27,0
8529,62,15,27,0
8530,62,15,27,0
8531,62,15,27,0
8532,62,15,27,0
8533,62,15,27,0
8534,62,15,27,0
8535,62,15,27,0
8536,62,15,27,0
8537,62,15,27,0
8538,62,15,27,0
8539,62,15,27,0
8540,62,15,27,0
8541,62,15,27,0
8542,62,15,27,0
8543,62,15,27,0
8544,62,15,27,0
8545,62,15,27,0
8546,62,15,27,0
8547,62,15,27,0
8548,62,15,27,0
8549,62,15,27,0
8550,62,15,27,0
8551,62,15,27,0
8552,62,15,27,0
8553,62,15,27,0
8554,62,15,27,0
8555,62,15,27,0
8556,62,15,27,0
8557,62,15,27,0
8558,62,15,27,0
8559,62,15,27,0
8560,62,15,27,0
8561,62,15,27,0
8562,62,15,27,0
8563,62,15,27,0
8564,62,15,27,0
8565,62,15,27,0
8566,62,15,27,0
8567,62,15,27,0
8568,62,15,27,0
8569,62,15,27,0
8570,62,15,27,0
8571,62,15,27,0
8572,62,15,27,0
8573,62,15,27,0
8574,62,15,27,0
8575,62,15,27,0
8576,62,15,27,0
8577,62,15,27,0
8578,62,15,27,0
8579,62,15,27,0
8580,62,15,27,0
8581,62,15,27,0
8582,62,15,27,0
8583,62,15,27,0
8584,62,15,27,0
8585,62,15,27,0
8586,62,15,27,0
8587,62,15,27,0
8588,62,15,27,0
8589,62,15,27,0
8590,62,15,27,0
8591,62,15,27,0
8592,62,15,27,0
8593,62,15,27,0
8594,62,15,27,0
8595,62,15,27,0
8596,62,15,27,0
8597,62,15,27,0
8598,62,15,27,0
8599,62,15,27,0
8600,62,15,27,0
8601,62,15,27,0
8602,62,15,27,0
8603,62,15,27,0
8604,62,15,27,0
8605,62,15,27,0
8606,62,15,27,0
8607,62,15,27,0
8608,62,15,27,0
8609,62,15,27,0
8610,62,15,27,0
8611,62,15,27,0
8612,62,15,27,0
8613,62,15,27,0
8614,62,15,27,0
8615,62,15,27,0
8616,62,15,27,0
8617,62,15,27,0
8618,62,15,27,0
8619,62,15,27,0
8620,62,15,27,0
8621,62,15,27,0
8622,62,15,27,0
8623,62,15,27,0
8624,62,15,27,0
8625,62,15,27,0
8626,62,15,27,0
8627,62,15,27,0
8628,62,15,27,0
8629,62,15,27,0
8630,62,15,27,0
8631,62,15,27,0
8632,62,15,27,0
8633,62,15,27,0
8634,62,15,27,0
8635,62,15,27,0
8636,62,15,27,0
8637,62,15,27,0
8638,62,15,27,0
8639,62,15,27,0
8640,62,15,27,0
8641,62,15,27,0
8642,62,15,27,0
8643,62,15,27,0
8644,62,15,27,0
8645,62,15,27,0
8646,62,15,27,0
8647,62,15,27,0
8648,62,15,27,0
8649,62,15,27,0
8650,62,15,27,0
8651,62,15,27,0
8652,62,15,27,0
8653,62,15,27,0
8654,62,15,27,0
8655,62,15,27,0
8656,62,15,27,0
8657,62,15,27,0
8658,62,15,27,0
8659,62,15,27,0
8660,62,15,27,0
8661,62,15,27,0
8662,62,15,27,0
8663,62,15,27,0
8664,62,15,27,0
8665,62,15,27,0
8666,62,15,27,0
8667,62,15,27,0
8668,62,15,27,0
8669,62,15,27,0
8670,62,15,27,0
8671,62,15,27,0
8672,62,15,27,0
8673,62,15,27,0
8674,62,15,27,0
8675,62,15,27,0
8676,62,15,27,0
8677,62,15,27,0
8678,62,15,27,0
8679,62,15,27,0
8680,62,15,27,0
8681,62,15,27,0
8682,62,15,27,0
8683,62,15,27,0
8684,62,15,27,0
8685,62,15,27,0
8686,62,15,27,0
8687,62,15,27,0
8688,62,15,27,0
8689,62,15,27,0
8690,62,15,27,0
8691,62,15,27,0
8692,62,15,27,0
8693,62,15,27,0
8694,62,15,27,0
8695,62,15,27,0
8696,62,15,27,0
8697,62,15,27,0
8698,62,15,27,0
8699,62,15,27,0
8700,62,15,27,0
8701,62,15,27,0
8702,62,15,27,0
8703,62,15,27,0
8704,62,15,27,0
8705,62,15,27,0
8706,62,15,27,0
8707,62,15,27,0
8708,62,15,27,0
8709,62,15,27,0
8710,62,15,27,0
8711,62,15,27,0
8712,62,15,27,0
8713,62,15,27,0
8714,62,15,27,0
8715,62,15,27,0
8716,62,15,27,0
8717,62,15,27,0
8718,62,15,27,0
8719,62,15,27,0
8720,62,15,27,0
8721,62,15,27,0
8722,62,15,27,0
8723,62,15,27,0
8724,62,15,27,0
8725,62,15,27,0
8726,62,15,27,0
8727,62,15,27,0
8728,62,15,27,0
8729,62,15,27,0
8730,62,15,27,0
8731,62,15,27,0
8732,62,15,27,0
8733,62,15,27,0
8734,62,15,27,0
8735,62,15,27,0
8736,62,15,27,0
8737,62,15,27,0
8738,62,15,27,0
8739,62,15,27,0
8740,62,15,27,0
8741,62,15,27,0
8742,62,15,27,0
8743,62,15,27,0
8744,62,15,27,0
8745,62,15,27,0
8746,62,15,27,0
8747,62,15,27,0
8748,62,15,27,0
8749,62,15,27,0
8750,62,15,27,0
8751,62,15,27,0
8752,62,15,27,0
8753,62,15,27,0
8754,62,15,27,0
8755,62,15,27,0
8756,62,15,27,0
8757,62,15,27,0
8758,62,15,27,0
8759,62,15,27,0
8760,62,15,27,0
8761,62,15,27,0
8762,62,15,27,0
8763,62,15,27,0
8764,62,15,27,0
8765,62,15,27,0
8766,62,15,27,0
8767,62,15,27,0
8768,62,15,27,0
8769,62,15,27,0
8770,62,15,27,0
8771,62,15,27,0
8772,62,15,27,0
8773,62,15,27,0
8774,62,15,27,0
8775,62,15,27,0
8776,62,15,27,0
8777,62,15,27,0
8778,62,15,27,0
8779,62,15,27,0
8780,62,15,27,0
8781,62,15,27,0
8782,62,15,27,0
8783,62,15,27,0
8784,62,15,27,0
8785,62,15,27,0
8786,62,15,27,0
8787,62,15,27,0
8788,62,15,27,0
8789,62,15,27,0
8790,62,15,27,0
8791,62,15,27,0
8792,62,15,27,0
8793,62,15,27,0
8794,62,15,27,0
8795,62,15,27,0
8796,62,15,27,0
8797,62,15,27,0
8798,62,15,27,0
8799,62,15,27,0
8800,62,15,27,0
8801,62,15,27,0
8802,62,15,27,0
8803,62,15,27,0
8804,62,15,27,0
8805,62,15,27,0
8806,62,15,27,0
8807,62,15,27,0
8808,62,15,27,0
8809,62,15,27,0
8810,62,15,27,0
8811,62,15,27,0
8812,62,15,27,0
8813,62,15,27,0
8814,62,15,27,0
8815,62,15,27,0
8816,62,15,27,0
8817,62,15,27,0
8818,62,15,27,0
8819,62,15,27,0
8820,62,15,27,0
8821,62,15,27,0
8822,62,15,27,0
8823,62,15,27,0
8824,62,15,27,0
8825,62,15,27,0
8826,62,15,27,0
8827,62,15,27,0
8828,62,15,27,0
8829,62,15,27,0
8830,62,15,27,0
8831,62,15,27,0
8832,62,15,27,0
8833,62,15,27,0
8834,62,15,27,0
8835,62,15,27,0
8836,62,15,27,0
8837,62,15,27,0
8838,62,15,27,0
8839,62,15,27,0
8840,62,15,27,0
8841,62,15,27,0
8842,62,15,27,0
8843,62,15,27,0
8844,62,15,27,0
8845,62,15,27,0
8846,62,15,27,0
8847,62,15,27,0
8848,62,15,27,0
8849,62,15,27,0
8850,62,15,27,0
8851,62,15,27,0
8852,62,15,27,0
8853,62,15,27,0
8854,62,15,27,0
8855,62,15,27,0
8856,62,15,27,0
8857,62,15,27,0
8858,62,15,27,0
8859,62,15,27,0
8860,62,15,27,0
8861,62,15,27,0
8862,62,15,27,0
8863,62,15,27,0
8864,62,15,27,0
8865,62,15,27,0
8866,62,15,27,0
8867,62,15,27,0
8868,62,15,27,0
8869,62,15,27,0
8870,62,15,27,0
8871,62,15,27,0
8872,62,15,27,0
8873,62,15,27,0
8874,62,15,27,0
8875,62,15,27,0
8876,62,15,27,0
8877,62,15,27,0
8878,62,15,27,0
8879,62,15,27,0
8880,62,15,27,0
8881,62,15,27,0
8882,62,15,27,0
8883,62,15,27,0
8884,62,15,27,0
8885,62,15,27,0
8886,62,15,27,0
8887,62,15,27,0
8888,62,15,27,0
8889,62,15,27,0
8890,62,15,27,0
8891,62,15,27,0
8892,62,15,27,0
8893,62,15,27,0
8894,62,15,27,0
8895,62,15,27,0
8896,62,15,27,0
8897,62,15,27,0
8898,62,15,27,0
8899,62,15,27,0
8900,62,15,27,0
8901,62,15,27,0
8902,62,15,27,0
8903,62,15,27,0
8904,62,15,27,0
8905,62,15,27,0
8906,62,15,27,0
8907,62,15,27,0
8908,62,15,27,0
8909,62,15,27,0
8910,62,15,27,0
8911,62,15,27,0
8912,62,15,27,0
8913,62,15,27,0
8914,62,15,27,0
8915,62,15,27,0
8916,62,15,27,0
8917,62,15,27,0
8918,62,15,27,0
8919,62,15,27,0
8920,62,15,27,0
8921,62,15,27,0
8922,62,15,27,0
8923,62,15,27,0
8924,62,15,27,0
8925,62,15,27,0
8926,62,15,27,0
8927,62,15,27,0
8928,62,15,27,0
8929,62,15,27,0
8930,62,15,27,0
8931,62,15,27,0
8932,62,15,27,0
8933,62,15,27,0
8934,62,15,27,0
8935,62,15,27,0
8936,62,15,27,0
8937,62,15,27,0
8938,62,15,27,0
8939,62,15,27,0
8940,62,15,27,0
8941,62,15,27,0
8942,62,15,27,0
8943,62,15,27,0
8944,62,15,27,0
8945,62,15,27,0
8946,62,15,27,0
8947,62,15,27,0
8948,62,15,27,0
8949,62,15,27,0
8950,62,15,27,0
8951,62,15,27,0
8952,62,15,27,0
8953,62,15,27,0
8954,62,15,27,0
8955,62,15,27,0
8956,62,15,27,0
8957,62,15,27,0
8958,62,15,27,0
8959,62,15,27,0
8960,62,15,27,0
8961,62,15,27,0
8962,62,15,27,0
8963,62,15,27,0
8964,62,15,27,0
8965,62,15,27,0
8966,62,15,27,0
8967,62,15,27,0
8968,62,15,27,0
8969,62,15,27,0
8970,62,15,27,0
8971,62,15,27,0
8972,62,15,27,0
8973,62,15,27,0
8974,62,15,27,0
8975,62,15,27,0
8976,62,15,27,0
8977,62,15,27,0
8978,62,15,27,0
8979,62,15,27,0
8980,62,15,27,0
8981,62,15,27,0
8982,62,15,27,0
8983,62,15,27,0
8984,62,15,27,0
8985,62,15,27,0
8986,62,15,27,0
8987,62,15,27,0
8988,62,15,27,0
8989,62,15,27,0
8990,62,15,27,0
8991,62,15,27,0
8992,62,15,27,0
8993,62,15,27,0
8994,62,15,27,0
8995,62,15,27,0
8996,62,15,27,0
8997,62,15,27,0
8998,62,15,27,0
8999,62,15,27,0
9000,62,15,27,0
9001,62,15,27,0
9002,62,15,27,0
9003,62,15,27,0
9004,62,15,27,0
9005,62,15,27,0
9006,62,15,27,0
9007,62,15,27,0
9008,62,15,27,0
9009,62,15,27,0
9010,62,15,27,0
9011,62,15,27,0
9012,62,15,27,0
9013,62,15,27,0
9014,62,15,27,0
9015,62,15,27,0
9016,62,15,27,0
9017,62,15,27,0
9018,62,15,27,0
9019,62,15,27,0
9020,62,15,27,0
9021,62,15,27,0
9022,62,15,27,0
9023,62,15,27,0
9024,62,15,27,0
9025,62,15,27,0
9026,62,15,27,0
9027,62,15,27,0
9028,62,15,27,0
9029,62,15,27,0
9030,62,15,27,0
9031,62,15,27,0
9032,62,15,27,0
9033,62,15,27,0
9034,62,15,27,0
9035,62,15,27,0
9036,62,15,27,0
9037,62,15,27,0
9038,62,15,27,0
9039,62,15,27,0
9040,62,15,27,0
9041,62,15,27,0
9042,62,15,27,0
9043,62,15,27,0
9044,62,15,27,0
9045,62,15,27,0
9046,62,15,27,0
9047,62,15,27,0
9048,62,15,27,0
9049,62,15,27,0
9050,62,15,27,0
9051,62,15,27,0
9052,62,15,27,0
9053,62,15,27,0
9054,62,15,27,0
9055,62,15,27,0
9056,62,15,27,0
9057,62,15,27,0
9058,62,15,27,0
9059,62,15,27,0
9060,62,15,27,0
9061,62,15,27,0
9062,62,15,27,0
9063,62,15,27,0
9064,62,15,27,0
9065,62,15,27,0
9066,62,15,27,0
9067,62,15,27,0
9068,62,15,27,0
9069,62,15,27,0
9070,62,15,27,0
9071,62,15,27,0
9072,62,15,27,0
9073,62,15,27,0
9074,62,15,27,0
9075,62,15,27,0
9076,62,15,27,0
9077,62,15,27,0
9078,62,15,27,0
9079,62,15,27,0
9080,62,15,27,0
9081,62,15,27,0
9082,62,15,27,0
9083,62,15,27,0
9084,62,15,27,0
9085,62,15,27,0
9086,62,15,27,0
9087,62,15,27,0
9088,62,15,27,0
9089,62,15,27,0
9090,62,15,27,0
9091,62,15,27,0
9092,62,15,27,0
9093,62,15,27,0
9094,62,15,27,0
9095,62,15,27,0
9096,62,15,27,0
9097,62,15,27,0
9098,62,15,27,0
9099,62,15,27,0
9100,62,15,27,0
9101,62,15,27,0
9102,62,15,27,0
9103,62,15,27,0
9104,62,15,27,0
9105,62,15,27,0
9106,62,15,27,0
9107,62,15,27,0
9108,62,15,27,0
9109,62,15,27,0
9110,62,15,27,0
9111,62,15,27,0
9112,62,15,27,0
9113,62,15,27,0
9114,62,15,27,0
9115,62,15,27,0
9116,62,15,27,0
9117,62,15,27,0
9118,62,15,27,0
9119,62,15,27,0
9120,62,15,27,0
9121,62,15,27,0
9122,62,15,27,0
9123,62,15,27,0
9124,62,15,27,0
9125,62,15,27,0
9126,62,15,27,0
9127,62,15,27,0
9128,62,15,27,0
9129,62,15,27,0
9130,62,15,27,0
9131,62,15,27,0
9132,62,15,27,0
9133,62,15,27,0
9134,62,15,27,0
9135,62,15,27,0
9136,62,15,27,0
9137,62,15,27,0
9138,62,15,27,0
9139,62,15,27,0
9140,62,15,27,0
9141,62,15,27,0
9142,62,15,27,0
9143,62,15,27,0
9144,62,15,27,0
9145,62,15,27,0
9146,62,15,27,0
9147,62,15,27,0
9148,62,15,27,0
9149,62,15,27,0
9150,62,15,27,0
9151,62,15,27,0
9152,62,15,27,0
9153,62,15,27,0
9154,62,15,27,0
9155,62,15,27,0
9156,62,15,27,0
9157,62,15,27,0
9158,62,15,27,0
9159,62,15,27,0
9160,62,15,27,0
9161,62,15,27,0
9162,62,15,27,0
9163,62,15,27,0
9164,62,15,27,0
9165,62,15,27,0
9166,62,15,27,0
9167,62,15,27,0
9168,62,15,27,0
9169,62,15,27,0
9170,62,15,27,0
9171,62,15,27,0
9172,62,15,27,0
9173,62,15,27,0
9174,62,15,27,0
9175,62,15,27,0
9176,62,15,27,0
9177,62,15,27,0
9178,62,15,27,0
9179,62,15,27,0
9180,62,15,27,0
9181,62,15,27,0
9182,62,15,27,0
9183,62,15,27,0
9184,62,15,27,0
9185,62,15,27,0
9186,62,15,27,0
9187,62,15,27,0
9188,62,15,27,0
9189,62,15,27,0
9190,62,15,27,0
9191,62,15,27,0
9192,62,15,27,0
9193,62,15,27,0
9194,62,15,27,0
9195,62,15,27,0
9196,62,15,27,0
9197,62,15,27,0
9198,62,15,27,0
9199,62,15,27,0
9200,62,15,27,0
9201,62,15,27,0
9202,62,15,27,0
9203,62,15,27,0
9204,62,15,27,0
9205,62,15,27,0
9206,62,15,27,0
9207,62,15,27,0
9208,62,15,27,0
9209,62,15,27,0
9210,62,15,27,0
9211,62,15,27,0
9212,62,15,27,0
9213,62,15,27,0
9214,62,15,27,0
9215,62,15,27,0
9216,62,15,27,0
9217,62,15,27,0
9218,62,15,27,0
9219,62,15,27,0
9220,62,15,27,0
9221,62,15,27,0
9222,62,15,27,0
9223,62,15,27,0
9224,62,15,27,0
9225,62,15,27,0
9226,62,15,27,0
9227,62,15,27,0
9228,62,15,27,0
9229,62,15,27,0
9230,62,15,27,0
9231,62,15,27,0
9232,62,15,27,0
9233,62,15,27,0
9234,62,15,27,0
9235,62,15,27,0
9236,62,15,27,0
9237,62,15,27,0
9238,62,15,27,0
9239,62,15,27,0
9240,62,15,27,0
9241,62,15,27,0
9242,62,15,27,0
9243,62,15,27,0
9244,62,15,27,0
9245,62,15,27,0
9246,62,15,27,0
9247,62,15,27,0
9248,62,15,27,0
9249,62,15,27,0
9250,62,15,27,0
9251,62,15,27,0
9252,62,15,27,0
9253,62,15,27,0
9254,62,15,27,0
9255,62,15,27,0
9256,62,15,27,0
9257,62,15,27,0
9258,62,15,27,0
9259,62,15,27,0
9260,62,15,27,0
9261,62,15,27,0
9262,62,15,27,0
9263,62,15,27,0
9264,62,15,27,0
9265,62,15,27,0
9266,62,15,27,0
9267,62,15,27,0
9268,62,15,27,0
9269,62,15,27,0
9270,62,15,27,0
9271,62,15,27,0
9272,62,15,27,0
9273,62,15,27,0
9274,62,15,27,0
9275,62,15,27,0
9276,62,15,27,0
9277,62,15,27,0
9278,62,15,27,0
9279,62,15,27,0
9280,62,15,27,0
9281,62,15,27,0
9282,62,15,27,0
9283,62,15,27,0
9284,62,15,27,0
9285,62,15,27,0
9286,62,15,27,0
9287,62,15,27,0
9288,62,15,27,0
9289,62,15,27,0
9290,62,15,27,0
9291,62,15,27,0
9292,62,15,27,0
9293,62,15,27,0
9294,62,15,27,0
9295,62,15,27,0
9296,62,15,27,0
9297,62,15,27,0
9298,62,15,27,0
9299,62,15,27,0
9300,62,15,27,0
9301,62,15,27,0
9302,62,15,27,0
9303,62,15,27,0
9304,62,15,27,0
9305,62,15,27,0
9306,62,15,27,0
9307,62,15,27,0
9308,62,15,27,0
9309,62,15,27,0
9310,62,15,27,0
9311,62,15,27,0
9312,62,15,27,0
9313,62,15,27,0
9314,62,15,27,0
9315,62,15,27,0
9316,62,15,27,0
9317,62,15,27,0
9318,62,15,27,0
9319,62,15,27,0
9320,62,15,27,0
9321,62,15,27,0
9322,62,15,27,0
9323,62,15,27,0
9324,62,15,27,0
9325,62,15,27,0
9326,62,15,27,0
9327,62,15,27,0
9328,62,15,27,0
9329,62,15,27,0
9330,62,15,27,0
9331,62,15,27,0
9332,62,15,27,0
9333,62,15,27,0
9334,62,15,27,0
9335,62,15,27,0
9336,62,15,27,0
9337,62,15,27,0
9338,62,15,27,0
9339,62,15,27,0
9340,62,15,27,0
9341,62,15,27,0
9342,62,15,27,0
9343,62,15,27,0
9344,62,15,27,0
9345,62,15,27,0
9346,62,15,27,0
9347,62,15,27,0
9348,62,15,27,0
9349,62,15,27,0
9350,62,15,27,0
9351,62,15,27,0
9352,62,15,27,0
9353,62,15,27,0
9354,62,15,27,0
9355,62,15,27,0
9356,62,15,27,0
9357,62,15,27,0
9358,62,15,27,0
9359,62,15,27,0
9360,62,15,27,0
9361,62,15,27,0
9362,62,15,27,0
9363,62,15,27,0
9364,62,15,27,0
9365,62,15,27,0
9366,62,15,27,0
9367,62,15,27,0
9368,62,15,27,0
9369,62,15,27,0
9370,62,15,27,0
9371,62,15,27,0
9372,62,15,27,0
9373,62,15,27,0
9374,62,15,27,0
9375,62,15,27,0
9376,62,15,27,0
9377,62,15,27,0
9378,62,15,27,0
9379,62,15,27,0
9380,62,15,27,0
9381,62,15,27,0
9382,62,15,27,0
9383,62,15,27,0
9384,62,15,27,0
9385,62,15,27,0
9386,62,15,27,0
9387,62,15,27,0
9388,62,15,27,0
9389,62,15,27,0
9390,62,15,27,0
9391,62,15,27,0
9392,62,15,27,0
9393,62,15,27,0
9394,62,15,27,0
9395,62,15,27,0
9396,62,15,27,0
9397,62,15,27,0
9398,62,15,27,0
9399,62,15,27,0
9400,62,15,27,0
9401,62,15,27,0
9402,62,15,27,0
9403,62,15,27,0
9404,62,15,27,0
9405,62,15,27,0
9406,62,15,27,0
9407,62,15,27,0
9408,62,15,27,0
9409,62,15,27,0
9410,62,15,27,0
9411,62,15,27,0
9412,62,15,27,0
9413,62,15,27,0
9414,62,15,27,0
9415,62,15,27,0
9416,62,15,27,0
9417,62,15,27,0
9418,62,15,27,0
9419,62,15,27,0
9420,62,15,27,0
9421,62,15,27,0
9422,62,15,27,0
9423,62,15,27,0
9424,62,15,27,0
9425,62,15,27,0
9426,62,15,27,0
9427,62,15,27,0
9428,62,15,27,0
9429,62,15,27,0
9430,62,15,27,0
9431,62,15,27,0
9432,62,15,27,0
9433,62,15,27,0
9434,62,15,27,0
9435,62,15,27,0
9436,62,15,27,0
9437,62,15,27,0
9438,62,15,27,0
9439,62,15,27,0
9440,62,15,27,0
9441,62,15,27,0
9442,62,15,27,0
9443,62,15,27,0
9444,62,15,27,0
9445,62,15,27,0
9446,62,15,27,0
9447,62,15,27,0
9448,62,15,27,0
9449,62,15,27,0
9450,62,15,27,0
9451,62,15,27,0
9452,62,15,27,0
9453,62,15,27,0
9454,62,15,27,0
9455,62,15,27,0
9456,62,15,27,0
9457,62,15,27,0
9458,62,15,27,0
9459,62,15,27,0
9460,62,15,27,0
9461,62,15,27,0
9462,62,15,27,0
9463,62,15,27,0
9464,62,15,27,0
9465,62,15,27,0
9466,62,15,27,0
9467,62,15,27,0
9468,62,15,27,0
9469,62,15,27,0
9470,62,15,27,0
9471,62,15,27,0
9472,62,15,27,0
9473,62,15,27,0
9474,62,15,27,0
9475,62,15,27,0
9476,62,15,27,0
9477,62,15,27,0
9478,62,15,27,0
9479,62,15,27,0
9480,62,15,27,0
9481,62,15,27,0
9482,62,15,27,0
9483,62,15,27,0
9484,62,15,27,0
9485,62,15,27,0
9486,62,15,27,0
9487,62,15,27,0
9488,62,15,27,0
9489,62,15,27,0
9490,62,15,27,0
9491,62,15,27,0
9492,62,15,27,0
9493,62,15,27,0
9494,62,15,27,0
9495,62,15,27,0
9496,62,15,27,0
9497,62,15,27,0
9498,62,15,27,0
9499,62,15,27,0
9500,62,15,27,0
9501,62,15,27,0
9502,62,15,27,0
9503,62,15,27,0
9504,62,15,27,0
9505,62,15,27,0
9506,62,15,27,0
9507,62,15,27,0
9508,62,15,27,0
9509,62,15,27,0
9510,62,15,27,0
9511,62,15,27,0
9512,62,15,27,0
9513,62,15,27,0
9514,62,15,27,0
9515,62,15,27,0
9516,62,15,27,0
9517,62,15,27,0
9518,62,15,27,0
9519,62,15,27,0
9520,62,15,27,0
9521,62,15,27,0
9522,62,15,27,0
9523,62,15,27,0
9524,62,15,27,0
9525,62,15,27,0
9526,62,15,27,0
9527,62,15,27,0
9528,62,15,27,0
9529,62,15,27,0
9530,62,15,27,0
9531,62,15,27,0
9532,62,15,27,0
9533,62,15,27,0
9534,62,15,27,0
9535,62,15,27,0
9536,62,15,27,0
9537,62,15,27,0
9538,62,15,27,0
9539,62,15,27,0
9540,62,15,27,0
9541,62,15,27,0
9542,62,15,27,0
9543,62,15,27,0
9544,62,15,27,0
9545,62,15,27,0
9546,62,15,27,0
9547,62,15,27,0
9548,62,15,27,0
9549,62,15,27,0
9550,62,15,27,0
9551,62,15,27,0
9552,62,15,27,0
9553,62,15,27,0
9554,62,15,27,0
9555,62,15,27,0
9556,62,15,27,0
9557,62,15,27,0
9558,62,15,27,0
9559,62,15,27,0
9560,62,15,27,0
9561,62,15,27,0
9562,62,15,27,0
9563,62,15,27,0
9564,62,15,27,0
9565,62,15,27,0
9566,62,15,27,0
9567,62,15,27,0
9568,62,15,27,0
9569,62,15,27,0
9570,62,15,27,0
9571,62,15,27,0
9572,62,15,27,0
9573,62,15,27,0
9574,62,15,27,0
9575,62,15,27,0
9576,62,15,27,0
9577,62,15,27,0
9578,62,15,27,0
9579,62,15,27,0
9580,62,15,27,0
9581,62,15,27,0
9582,62,15,27,0
9583,62,15,27,0
9584,62,15,27,0
9585,62,15,27,0
9586,62,15,27,0
9587,62,15,27,0
9588,62,15,27,0
9589,62,15,27,0
9590,62,15,27,0
9591,62,15,27,0
9592,62,15,27,0
9593,62,15,27,0
9594,62,15,27,0
9595,62,15,27,0
9596,62,15,27,0
9597,62,15,27,0
9598,62,15,27,0
9599,62,15,27,0
9600,62,15,27,0
9601,62,15,27,0
9602,62,15,27,0
9603,62,15,27,0
9604,62,15,27,0
9605,62,15,27,0
9606,62,15,27,0
9607,62,15,27,0
9608,62,15,27,0
9609,62,15,27,0
9610,62,15,27,0
9611,62,15,27,0
9612,62,15,27,0
9613,62,15,27,0
9614,62,15,27,0
9615,62,15,27,0
9616,62,15,27,0
9617,62,15,27,0
9618,62,15,27,0
9619,62,15,27,0
9620,62,15,27,0
9621,62,15,27,0
9622,62,15,27,0
9623,62,15,27,0
9624,62,15,27,0
9625,62,15,27,0
9626,62,15,27,0
9627,62,15,27,0
9628,62,15,27,0
9629,62,15,27,0
9630,62,15,27,0
9631,62,15,27,0
9632,62,15,27,0
9633,62,15,27,0
9634,62,15,27,0
9635,62,15,27,0
9636,62,15,27,0
9637,62,15,27,0
9638,62,15,27,0
9639,62,15,27,0
9640,62,15,27,0
9641,62,15,27,0
9642,62,15,27,0
9643,62,15,27,0
9644,62,15,27,0
9645,62,15,27,0
9646,62,15,27,0
9647,62,15,27,0
9648,62,15,27,0
9649,62,15,27,0
9650,62,15,27,0
9651,62,15,27,0
9652,62,15,27,0
9653,62,15,27,0
9654,62,15,27,0
9655,62,15,27,0
9656,62,15,27,0
9657,62,15,27,0
9658,62,15,27,0
9659,62,15,27,0
9660,62,15,27,0
9661,62,15,27,0
9662,62,15,27,0
9663,62,15,27,0
9664,62,15,27,0
9665,62,15,27,0
9666,62,15,27,0
9667,62,15,27,0
9668,62,15,27,0
9669,62,15,27,0
9670,62,15,27,0
9671,62,15,27,0
9672,62,15,27,0
9673,62,15,27,0
9674,62,15,27,0
9675,62,15,27,0
9676,62,15,27,0
9677,62,15,27,0
9678,62,15,27,0
9679,62,15,27,0
9680,62,15,27,0
9681,62,15,27,0
9682,62,15,27,0
9683,62,15,27,0
9684,62,15,27,0
9685,62,15,27,0
9686,62,15,27,0
9687,62,15,27,0
9688,62,15,27,0
9689,62,15,27,0
9690,62,15,27,0
9691,62,15,27,0
9692,62,15,27,0
9693,62,15,27,0
9694,62,15,27,0
9695,62,15,27,0
9696,62,15,27,0
9697,62,15,27,0
9698,62,15,27,0
9699,62,15,27,0
9700,62,15,27,0
9701,62,15,27,0
9702,62,15,27,0
9703,62,15,27,0
9704,62,15,27,0
9705,62,15,27,0
9706,62,15,27,0
9707,62,15,27,0
9708,62,15,27,0
9709,62,15,27,0
9710,62,15,27,0
9711,62,15,27,0
9712,62,15,27,0
9713,62,15,27,0
9714,62,15,27,0
9715,62,15,27,0
9716,62,15,27,0
9717,62,15,27,0
9718,62,15,27,0
9719,62,15,27,0
9720,62,15,27,0
9721,62,15,27,0
9722,62,15,27,0
9723,62,15,27,0
9724,62,15,27,0
9725,62,15,27,0
9726,62,15,27,0
9727,62,15,27,0
9728,62,15,27,0
9729,62,15,27,0
9730,62,15,27,0
9731,62,15,27,0
9732,62,15,27,0
9733,62,15,27,0
9734,62,15,27,0
9735,62,15,27,0
9736,62,15,27,0
9737,62,15,27,0
9738,62,15,27,0
9739,62,15,27,0
9740,62,15,27,0
9741,62,15,27,0
9742,62,15,27,0
9743,62,15,27,0
9744,62,15,27,0
9745,62,15,27,0
9746,62,15,27,0
9747,62,15,27,0
9748,62,15,27,0
9749,62,15,27,0
9750,62,15,27,0
9751,62,15,27,0
9752,62,15,27,0
9753,62,15,27,0
9754,62,15,27,0
9755,62,15,27,0
9756,62,15,27,0
9757,62,15,27,0
9758,62,15,27,0
9759,62,15,27,0
9760,62,15,27,0
9761,62,15,27,0
9762,62,15,27,0
9763,62,15,27,0
9764,62,15,27,0
9765,62,15,27,0
9766,62,15,27,0
9767,62,15,27,0
9768,62,15,27,0
9769,62,15,27,0
9770,62,15,27,0
9771,62,15,27,0
9772,62,15,27,0
9773,62,15,27,0
9774,62,15,27,0
9775,62,15,27,0
9776,62,15,27,0
9777,62,15,27,0
9778,62,15,27,0
9779,62,15,27,0
9780,62,15,27,0
9781,62,15,27,0
9782,62,15,27,0
9783,62,15,27,0
9784,62,15,27,0
9785,62,15,27,0
9786,62,15,27,0
9787,62,15,27,0
9788,62,15,27,0
9789,62,15,27,0
9790,62,15,27,0
9791,62,15,27,0
9792,62,15,27,0
9793,62,15,27,0
9794,62,15,27,0
9795,62,15,27,0
9796,62,15,27,0
9797,62,15,27,0
9798,62,15,27,0
9799,62,15,27,0
9800,62,15,27,0
9801,62,15,27,0
9802,62,15,27,0
9803,62,15,27,0
9804,62,15,27,0
9805,62,15,27,0
9806,62,15,27,0
9807,62,15,27,0
9808,62,15,27,0
9809,62,15,27,0
9810,62,15,27,0
9811,62,15,27,0
9812,62,15,27,0
9813,62,15,27,0
9814,62,15,27,0
9815,62,15,27,0
9816,62,15,27,0
9817,62,15,27,0
9818,62,15,27,0
9819,62,15,27,0
9820,62,15,27,0
9821,62,15,27,0
9822,62,15,27,0
9823,62,15,27,0
9824,62,15,27,0
9825,62,15,27,0
9826,62,15,27,0
9827,62,15,27,0
9828,62,15,27,0
9829,62,15,27,0
9830,62,15,27,0
9831,62,15,27,0
9832,62,15,27,0
9833,62,15,27,0
9834,62,15,27,0
9835,62,15,27,0
9836,62,15,27,0
9837,62,15,27,0
9838,62,15,27,0
9839,62,15,27,0
9840,62,15,27,0
9841,62,15,27,0
9842,62,15,27,0
9843,62,15,27,0
9844,62,15,27,0
9845,62,15,27,0
9846,62,15,27,0
9847,62,15,27,0
9848,62,15,27,0
9849,62,15,27,0
9850,62,15,27,0
9851,62,15,27,0
9852,62,15,27,0
9853,62,15,27,0
9854,62,15,27,0
9855,62,15,27,0
9856,62,15,27,0
9857,62,15,27,0
9858,62,15,27,0
9859,62,15,27,0
9860,62,15,27,0
9861,62,15,27,0
9862,62,15,27,0
9863,62,15,27,0
9864,62,15,27,0
9865,62,15,27,0
9866,62,15,27,0
9867,62,15,27,0
9868,62,15,27,0
9869,62,15,27,0
9870,62,15,27,0
9871,62,15,27,0
9872,62,15,27,0
9873,62,15,27,0
9874,62,15,27,0
9875,62,15,27,0
9876,62,15,27,0
9877,62,15,27,0
9878,62,15,27,0
9879,62,15,27,0
9880,62,15,27,0
9881,62,15,27,0
9882,62,15,27,0
9883,62,15,27,0
9884,62,15,27,0
9885,62,15,27,0
9886,62,15,27,0
9887,62,15,27,0
9888,62,15,27,0
9889,62,15,27,0
9890,62,15,27,0
9891,62,15,27,0
9892,62,15,27,0
9893,62,15,27,0
9894,62,15,27,0
9895,62,15,27,0
9896,62,15,27,0
9897,62,15,27,0
9898,62,15,27,0
9899,62,15,27,0
9900,62,15,27,0
9901,62,15,27,0
9902,62,15,27,0
9903,62,15,27,0
9904,62,15,27,0
9905,62,15,27,0
9906,62,15,27,0
9907,62,15,27,0
9908,62,15,27,0
9909,62,15,27,0
9910,62,15,27,0
9911,62,15,27,0
9912,62,15,27,0
9913,62,15,27,0
9914,62,15,27,0
9915,62,15,27,0
9916,62,15,27,0
9917,62,15,27,0
9918,62,15,27,0
9919,62,15,27,0
9920,62,15,27,0
9921,62,15,27,0
9922,62,15,27,0
9923,62,15,27,0
9924,62,15,27,0
9925,62,15,27,0
9926,62,15,27,0
9927,62,15,27,0
9928,62,15,27,0
9929,62,15,27,0
9930,62,15,27,0
9931,62,15,27,0
9932,62,15,27,0
9933,62,15,27,0
9934,62,15,27,0
9935,62,15,27,0
9936,62,15,27,0
9937,62,15,27,0
9938,62,15,27,0
9939,62,15,27,0
9940,62,15,27,0
9941,62,15,27,0
9942,62,15,27,0
9943,62,15,27,0
9944,62,15,27,0
9945,62,15,27,0
9946,62,15,27,0
9947,62,15,27,0
9948,62,15,27,0
9949,62,15,27,0
9950,62,15,27,0
9951,62,15,27,0
9952,62,15,27,0
9953,62,15,27,0
9954,62,15,27,0
9955,62,15,27,0
9956,62,15,27,0
9957,62,15,27,0
9958,62,15,27,0
9959,62,15,27,0
9960,62,15,27,0
9961,62,15,27,0
9962,62,15,27,0
9963,62,15,27,0
9964,62,15,27,0
9965,62,15,27,0
9966,62,15,27,0
9967,62,15,27,0
9968,62,15,27,0
9969,62,15,27,0
9970,62,15,27,0
9971,62,15,27,0
9972,62,15,27,0
9973,62,15,27,0
9974,62,15,27,0
9975,62,15,27,0
9976,62,15,27,0
9977,62,15,27,0
9978,62,15,27,0
9979,62,15,27,0
9980,62,15,27,0
9981,62,15,27,0
9982,62,15,27,0
9983,62,15,27,0
9984,62,15,27,0
9985,62,15,27,0
9986,62,15,27,0
9987,62,15,27,0
9988,62,15,27,0
9989,62,15,27,0
9990,62,15,27,0
9991,62,15,27,0
9992,62,15,27,0
9993,62,15,27,0
9994,62,15,27,0
9995,62,15,27,0
9996,62,15,27,0
9997,62,15,27,0
9998,62,15,27,0
9999,62,15,27,0
10000,62,15,27,0
10001,62,15,27,0
10002,62,15,27,0
10003,62,15,27,0
10004,62,15,27,0
10005,62,15,27,0
10006,62,15,27,0
10007,62,15,27,0
10008,62,15,27,0
10009,62,15,27,0
10010,62,15,27,0
10011,62,15,27,0
10012,62,15,27,0
10013,62,15,27,0
10014,62,15,27,0
10015,62,15,27,0
10016,62,15,27,0
10017,62,15,27,0
10018,62,15,27,0
10019,62,15,27,0
10020,62,15,27,0
10021,62,15,27,0
10022,62,15,27,0
10023,62,15,27,0
10024,62,15,27,0
10025,62,15,27,0
10026,62,15,27,0
10027,62,15,27,0
10028,62,15,27,0
10029,62,15,27,0
10030,62,15,27,0
10031,62,15,27,0
10032,62,15,27,0
10033,62,15,27,0
10034,62,15,27,0
10035,62,15,27,0
10036,62,15,27,0
10037,62,15,27,0
10038,62,15,27,0
10039,62,15,27,0
10040,62,15,27,0
10041,62,15,27,0
10042,62,15,27,0
10043,62,15,27,0
10044,62,15,27,0
10045,62,15,27,0
10046,62,15,27,0
10047,62,15,27,0
10048,62,15,27,0
10049,62,15,27,0
10050,62,15,27,0
10051,62,15,27,0
10052,62,15,27,0
10053,62,15,27,0
10054,62,15,27,0
10055,62,15,27,0
10056,62,15,27,0
10057,62,15,27,0
10058,62,15,27,0
10059,62,15,27,0
10060,62,15,27,0
10061,62,15,27,0
10062,62,15,27,0
10063,62,15,27,0
10064,62,15,27,0
10065,62,15,27,0
10066,62,15,27,0
10067,62,15,27,0
10068,62,15,27,0
10069,62,15,27,0
10070,62,15,27,0
10071,62,15,27,0
10072,62,15,27,0
10073,62,15,27,0
10074,62,15,27,0
10075,62,15,27,0
10076,62,15,27,0
10077,62,15,27,0
10078,62,15,27,0
10079,62,15,27,0
10080,62,15,27,0
10081,62,15,27,0
10082,62,15,27,0
10083,62,15,27,0
10084,62,15,27,0
10085,62,15,27,0
10086,62,15,27,0
10087,62,15,27,0
10088,62,15,27,0
10089,62,15,27,0
10090,62,15,27,0
10091,62,15,27,0
10092,62,15,27,0
10093,62,15,27,0
10094,62,15,27,0
10095,62,15,27,0
10096,62,15,27,0
10097,62,15,27,0
10098,62,15,27,0
10099,62,15,27,0
10100,62,15,27,0
10101,62,15,27,0
10102,62,15,27,0
10103,62,15,27,0
10104,62,15,27,0
10105,62,15,27,0
10106,62,15,27,0
10107,62,15,27,0
10108,62,15,27,0
10109,62,15,27,0
10110,62,15,27,0
10111,62,15,27,0
10112,62,15,27,0
10113,62,15,27,0
10114,62,15,27,0
10115,62,15,27,0
10116,62,15,27,0
10117,62,15,27,0
10118,62,15,27,0
10119,62,15,27,0
10120,62,15,27,0
10121,62,15,27,0
10122,62,15,27,0
10123,62,15,27,0
10124,62,15,27,0
10125,62,15,27,0
10126,62,15,27,0
10127,62,15,27,0
10128,62,15,27,0
10129,62,15,27,0
10130,62,15,27,0
10131,62,15,27,0
10132,62,15,27,0
10133,62,15,27,0
10134,62,15,27,0
10135,62,15,27,0
10136,62,15,27,0
10137,62,15,27,0
10138,62,15,27,0
10139,62,15,27,0
10140,62,15,27,0
10141,62,15,27,0
10142,62,15,27,0
10143,62,15,27,0
10144,62,15,27,0
10145,62,15,27,0
10146,62,15,27,0
10147,62,15,27,0
10148,62,15,27,0
10149,62,15,27,0
10150,62,15,27,0
10151,62,15,27,0
10152,62,15,27,0
10153,62,15,27,0
10154,62,15,27,0
10155,62,15,27,0
10156,62,15,27,0
10157,62,15,27,0
10158,62,15,27,0
10159,62,15,27,0
10160,62,15,27,0
10161,62,15,27,0
10162,62,15,27,0
10163,62,15,27,0
10164,62,15,27,0
10165,62,15,27,0
10166,62,15,27,0
10167,62,15,27,0
10168,62,15,27,0
10169,62,15,27,0
10170,62,15,27,0
10171,62,15,27,0
10172,62,15,27,0
10173,62,15,27,0
10174,62,15,27,0
10175,62,15,27,0
10176,62,15,27,0
10177,62,15,27,0
10178,62,15,27,0
10179,62,15,27,0
10180,62,15,27,0
10181,62,15,27,0
10182,62,15,27,0
10183,62,15,27,0
10184,62,15,27,0
10185,62,15,27,0
10186,62,15,27,0
10187,62,15,27,0
10188,62,15,27,0
10189,62,15,27,0
10190,62,15,27,0
10191,62,15,27,0
10192,62,15,27,0
10193,62,15,27,0
10194,62,15,27,0
10195,62,15,27,0
10196,62,15,27,0
10197,62,15,27,0
10198,62,15,27,0
10199,62,15,27,0
10200,62,15,27,0
10201,62,15,27,0
10202,62,15,27,0
10203,62,15,27,0
10204,62,15,27,0
10205,62,15,27,0
10206,62,15,27,0
10207,62,15,27,0
10208,62,15,27,0
10209,62,15,27,0
10210,62,15,27,0
10211,62,15,27,0
10212,62,15,27,0
10213,62,15,27,0
10214,62,15,27,0
10215,62,15,27,0
10216,62,15,27,0
10217,62,15,27,0
10218,62,15,27,0
10219,62,15,27,0
10220,62,15,27,0
10221,62,15,27,0
10222,62,15,27,0
10223,62,15,27,0
10224,62,15,27,0
10225,62,15,27,0
10226,62,15,27,0
10227,62,15,27,0
10228,62,15,27,0
10229,62,15,27,0
10230,62,15,27,0
10231,62,15,27,0
10232,62,15,27,0
10233,62,15,27,0
10234,62,15,27,0
10235,62,15,27,0
10236,62,15,27,0
10237,62,15,27,0
10238,62,15,27,0
10239,62,15,27,0
10240,62,15,27,0
10241,62,15,27,0
10242,62,15,27,0
10243,62,15,27,0
10244,62,15,27,0
10245,62,15,27,0
10246,62,15,27,0
10247,62,15,27,0
10248,62,15,27,0
10249,62,15,27,0
10250,62,15,27,0
10251,62,15,27,0
10252,62,15,27,0
10253,62,15,27,0
10254,62,15,27,0
10255,62,15,27,0
10256,62,15,27,0
10257,62,15,27,0
10258,62,15,27,0
10259,62,15,27,0
10260,62,15,27,0
10261,62,15,27,0
10262,62,15,27,0
10263,62,15,27,0
10264,62,15,27,0
10265,62,15,27,0
10266,62,15,27,0
10267,62,15,27,0
10268,62,15,27,0
10269,62,15,27,0
10270,62,15,27,0
10271,62,15,27,0
10272,62,15,27,0
10273,62,15,27,0
10274,62,15,27,0
10275,62,15,27,0
10276,62,15,27,0
10277,62,15,27,0
10278,62,15,27,0
10279,62,15,27,0
10280,62,15,27,0
10281,62,15,27,0
10282,62,15,27,0
10283,62,15,27,0
10284,62,15,27,0
10285,62,15,27,0
10286,62,15,27,0
10287,62,15,27,0
10288,62,15,27,0
10289,62,15,27,0
10290,62,15,27,0
10291,62,15,27,0
10292,62,15,27,0
10293,62,15,27,0
10294,62,15,27,0
10295,62,15,27,0
10296,62,15,27,0
10297,62,15,27,0
10298,62,15,27,0
10299,62,15,27,0
10300,62,15,27,0
10301,62,15,27,0
10302,62,15,27,0
10303,62,15,27,0
10304,62,15,27,0
10305,62,15,27,0
10306,62,15,27,0
10307,62,15,27,0
10308,62,15,27,0
10309,62,15,27,0
10310,62,15,27,0
10311,62,15,27,0
10312,62,15,27,0
10313,62,15,27,0
10314,62,15,27,0
10315,62,15,27,0
10316,62,15,27,0
10317,62,15,27,0
10318,62,15,27,0
10319,62,15,27,0
10320,62,15,27,0
10321,62,15,27,0
10322,62,15,27,0
10323,62,15,27,0
10324,62,15,27,0
10325,62,15,27,0
10326,62,15,27,0
10327,62,15,27,0
10328,62,15,27,0
10329,62,15,27,0
10330,62,15,27,0
10331,62,15,27,0
10332,62,15,27,0
10333,62,15,27,0
10334,62,15,27,0
10335,62,15,27,0
10336,62,15,27,0
10337,62,15,27,0
10338,62,15,27,0
10339,62,15,27,0
10340,62,15,27,0
10341,62,15,27,0
10342,62,15,27,0
10343,62,15,27,0
10344,62,15,27,0
10345,62,15,27,0
10346,62,15,27,0
10347,62,15,27,0
10348,62,15,27,0
10349,62,15,27,0
10350,62,15,27,0
10351,62,15,27,0
10352,62,15,27,0
10353,62,15,27,0
10354,62,15,27,0
10355,62,15,27,0
10356,62,15,27,0
10357,62,15,27,0
10358,62,15,27,0
10359,62,15,27,0
10360,62,15,27,0
10361,62,15,27,0
10362,62,15,27,0
10363,62,15,27,0
10364,62,15,27,0
10365,62,15,27,0
10366,62,15,27,0
10367,62,15,27,0
10368,62,15,27,0
10369,62,15,27,0
10370,62,15,27,0
10371,62,15,27,0
10372,62,15,27,0
10373,62,15,27,0
10374,62,15,27,0
10375,62,15,27,0
10376,62,15,27,0
10377,62,15,27,0
10378,62,15,27,0
10379,62,15,27,0
10380,62,15,27,0
10381,62,15,27,0
10382,62,15,27,0
10383,62,15,27,0
10384,62,15,27,0
10385,62,15,27,0
10386,62,15,27,0
10387,62,15,27,0
10388,62,15,27,0
10389,62,15,27,0
10390,62,15,27,0
10391,62,15,27,0
10392,62,15,27,0
10393,62,15,27,0
10394,62,15,27,0
10395,62,15,27,0
10396,62,15,27,0
10397,62,15,27,0
10398,62,15,27,0
10399,62,15,27,0
10400,62,15,27,0
10401,62,15,27,0
10402,62,15,27,0
10403,62,15,27,0
10404,62,15,27,0
10405,62,15,27,0
10406,62,15,27,0
10407,62,15,27,0
10408,62,15,27,0
10409,62,15,27,0
10410,62,15,27,0
10411,62,15,27,0
10412,62,15,27,0
10413,62,15,27,0
10414,62,15,27,0
10415,62,15,27,0
10416,62,15,27,0
10417,62,15,27,0
10418,62,15,27,0
10419,62,15,27,0
10420,62,15,27,0
10421,62,15,27,0
10422,62,15,27,0
10423,62,15,27,0
10424,62,15,27,0
10425,62,15,27,0
10426,62,15,27,0
10427,62,15,27,0
10428,62,15,27,0
10429,62,15,27,0
10430,62,15,27,0
10431,62,15,27,0
10432,62,15,27,0
10433,62,15,27,0
10434,62,15,27,0
10435,62,15,27,0
10436,62,15,27,0
10437,62,15,27,0
10438,62,15,27,0
10439,62,15,27,0
10440,62,15,27,0
10441,62,15,27,0
10442,62,15,27,0
10443,62,15,27,0
10444,62,15,27,0
10445,62,15,27,0
10446,62,15,27,0
10447,62,15,27,0
10448,62,15,27,0
10449,62,15,27,0
10450,62,15,27,0
10451,62,15,27,0
10452,62,15,27,0
10453,62,15,27,0
10454,62,15,27,0
10455,62,15,27,0
10456,62,15,27,0
10457,62,15,27,0
10458,62,15,27,0
10459,62,15,27,0
10460,62,15,27,0
10461,62,15,27,0
10462,62,15,27,0
10463,62,15,27,0
10464,62,15,27,0
10465,62,15,27,0
10466,62,15,27,0
10467,62,15,27,0
10468,62,15,27,0
10469,62,15,27,0
10470,62,15,27,0
10471,62,15,27,0
10472,62,15,27,0
10473,62,15,27,0
10474,62,15,27,0
10475,62,15,27,0
10476,62,15,27,0
10477,62,15,27,0
10478,62,15,27,0
10479,62,15,27,0
10480,62,15,27,0
10481,62,15,27,0
10482,62,15,27,0
10483,62,15,27,0
10484,62,15,27,0
10485,62,15,27,0
10486,62,15,27,0
10487,62,15,27,0
10488,62,15,27,0
10489,62,15,27,0
10490,62,15,27,0
10491,62,15,27,0
10492,62,15,27,0
10493,62,15,27,0
10494,62,15,27,0
10495,62,15,27,0
10496,62,15,27,0
10497,62,15,27,0
10498,62,15,27,0
10499,62,15,27,0
10500,62,15,27,0
10501,62,15,27,0
10502,62,15,27,0
10503,62,15,27,0
10504,62,15,27,0
10505,62,15,27,0
10506,62,15,27,0
10507,62,15,27,0
10508,62,15,27,0
10509,62,15,27,0
10510,62,15,27,0
10511,62,15,27,0
10512,62,15,27,0
10513,62,15,27,0
10514,62,15,27,0
10515,62,15,27,0
10516,62,15,27,0
10517,62,15,27,0
10518,62,15,27,0
10519,62,15,27,0
10520,62,15,27,0
10521,62,15,27,0
10522,62,15,27,0
10523,62,15,27,0
10524,62,15,27,0
10525,62,15,27,0
10526,62,15,27,0
10527,62,15,27,0
10528,62,15,27,0
10529,62,15,27,0
10530,62,15,27,0
10531,62,15,27,0
10532,62,15,27,0
10533,62,15,27,0
10534,62,15,27,0
10535,62,15,27,0
10536,62,15,27,0
10537,62,15,27,0
10538,62,15,27,0
10539,62,15,27,0
10540,62,15,27,0
10541,62,15,27,0
10542,62,15,27,0
10543,62,15,27,0
10544,62,15,27,0
10545,62,15,27,0
10546,62,15,27,0
10547,62,15,27,0
10548,62,15,27,0
10549,62,15,27,0
10550,62,15,27,0
10551,62,15,27,0
10552,62,15,27,0
10553,62,15,27,0
10554,62,15,27,0
10555,62,15,27,0
10556,62,15,27,0
10557,62,15,27,0
10558,62,15,27,0
10559,62,15,27,0
10560,62,15,27,0
10561,62,15,27,0
10562,62,15,27,0
10563,62,15,27,0
10564,62,15,27,0
10565,62,15,27,0
10566,62,15,27,0
10567,62,15,27,0
10568,62,15,27,0
10569,62,15,27,0
10570,62,15,27,0
10571,62,15,27,0
10572,62,15,27,0
10573,62,15,27,0
10574,62,15,27,0
10575,62,15,27,0
10576,62,15,27,0
10577,62,15,27,0
10578,62,15,27,0
10579,62,15,27,0
10580,62,15,27,0
10581,62,15,27,0
10582,62,15,27,0
10583,62,15,27,0
10584,62,15,27,0
10585,62,15,27,0
10586,62,15,27,0
10587,62,15,27,0
10588,62,15,27,0
10589,62,15,27,0
10590,62,15,27,0
10591,62,15,27,0
10592,62,15,27,0
10593,62,15,27,0
10594,62,15,27,0
10595,62,15,27,0
10596,62,15,27,0
10597,62,15,27,0
10598,62,15,27,0
10599,62,15,27,0
10600,62,15,27,0
10601,62,15,27,0
10602,62,15,27,0
10603,62,15,27,0
10604,62,15,27,0
10605,62,15,27,0
10606,62,15,27,0
10607,62,15,27,0
10608,62,15,27,0
10609,62,15,27,0
10610,62,15,27,0
10611,62,15,27,0
10612,62,15,27,0
10613,62,15,27,0
10614,62,15,27,0
10615,62,15,27,0
10616,62,15,27,0
10617,62,15,27,0
10618,62,15,27,0
10619,62,15,27,0
10620,62,15,27,0
10621,62,15,27,0
10622,62,15,27,0
10623,62,15,27,0
10624,62,15,27,0
10625,62,15,27,0
10626,62,15,27,0
10627,62,15,27,0
10628,62,15,27,0
10629,62,15,27,0
10630,62,15,27,0
10631,62,15,27,0
10632,62,15,27,0
10633,62,15,27,0
10634,62,15,27,0
10635,62,15,27,0
10636,62,15,27,0
10637,62,15,27,0
10638,62,15,27,0
10639,62,15,27,0
10640,62,15,27,0
10641,62,15,27,0
10642,62,15,27,0
10643,62,15,27,0
10644,62,15,27,0
10645,62,15,27,0
10646,62,15,27,0
10647,62,15,27,0
10648,62,15,27,0
10649,62,15,27,0
10650,62,15,27,0
10651,62,15,27,0
10652,62,15,27,0
10653,62,15,27,0
10654,62,15,27,0
10655,62,15,27,0
10656,62,15,27,0
10657,62,15,27,0
10658,62,15,27,0
10659,62,15,27,0
10660,62,15,27,0
10661,62,15,27,0
10662,62,15,27,0
10663,62,15,27,0
10664,62,15,27,0
10665,62,15,27,0
10666,62,15,27,0
10667,62,15,27,0
10668,62,15,27,0
10669,62,15,27,0
10670,62,15,27,0
10671,62,15,27,0
10672,62,15,27,0
10673,62,15,27,0
10674,62,15,27,0
10675,62,15,27,0
10676,62,15,27,0
10677,62,15,27,0
10678,62,15,27,0
10679,62,15,27,0
10680,62,15,27,0
10681,62,15,27,0
10682,62,15,27,0
10683,62,15,27,0
10684,62,15,27,0
10685,62,15,27,0
10686,62,15,27,0
10687,62,15,27,0
10688,62,15,27,0
10689,62,15,27,0
10690,62,15,27,0
10691,62,15,27,0
10692,62,15,27,0
10693,62,15,27,0
10694,62,15,27,0
10695,62,15,27,0
10696,62,15,27,0
10697,62,15,27,0
10698,62,15,27,0
10699,62,15,27,0
10700,62,15,27,0
10701,62,15,27,0
10702,62,15,27,0
10703,62,15,27,0
10704,62,15,27,0
10705,62,15,27,0
10706,62,15,27,0
10707,62,15,27,0
10708,62,15,27,0
10709,62,15,27,0
10710,62,15,27,0
10711,62,15,27,0
10712,62,15,27,0
10713,62,15,27,0
10714,62,15,27,0
10715,62,15,27,0
10716,62,15,27,0
10717,62,15,27,0
10718,62,15,27,0
10719,62,15,27,0
10720,62,15,27,0
10721,62,15,27,0
10722,62,15,27,0
10723,62,15,27,0
10724,62,15,27,0
10725,62,15,27,0
10726,62,15,27,0
10727,62,15,27,0
10728,62,15,27,0
10729,62,15,27,0
10730,62,15,27,0
10731,62,15,27,0
10732,62,15,27,0
10733,62,15,27,0
10734,62,15,27,0
10735,62,15,27,0
10736,62,15,27,0
10737,62,15,27,0
10738,62,15,27,0
10739,62,15,27,0
10740,62,15,27,0
10741,62,15,27,0
10742,62,15,27,0
10743,62,15,27,0
10744,62,15,27,0
10745,62,15,27,0
10746,62,15,27,0
10747,62,15,27,0
10748,62,15,27,0
10749,62,15,27,0
10750,62,15,27,0
10751,62,15,27,0
10752,62,15,27,0
10753,62,15,27,0
10754,62,15,27,0
10755,62,15,27,0
10756,62,15,27,0
10757,62,15,27,0
10758,62,15,27,0
10759,62,15,27,0
10760,62,15,27,0
10761,62,15,27,0
10762,62,15,27,0
10763,62,15,27,0
10764,62,15,27,0
10765,62,15,27,0
10766,62,15,27,0
10767,62,15,27,0
10768,62,15,27,0
10769,62,15,27,0
10770,62,15,27,0
10771,62,15,27,0
10772,62,15,27,0
10773,62,15,27,0
10774,62,15,27,0
10775,62,15,27,0
10776,62,15,27,0
10777,62,15,27,0
10778,62,15,27,0
10779,62,15,27,0
10780,62,15,27,0
10781,62,15,27,0
10782,62,15,27,0
10783,62,15,27,0
10784,62,15,27,0
10785,62,15,27,0
10786,62,15,27,0
10787,62,15,27,0
10788,62,15,27,0
10789,62,15,27,0
10790,62,15,27,0
10791,62,15,27,0
10792,62,15,27,0
10793,62,15,27,0
10794,62,15,27,0
10795,62,15,27,0
10796,62,15,27,0
10797,62,15,27,0
10798,62,15,27,0
10799,62,15,27,0
10800,62,15,27,0
10801,62,15,27,0
10802,62,15,27,0
10803,62,15,27,0
10804,62,15,27,0
10805,62,15,27,0
10806,62,15,27,0
10807,62,15,27,0
10808,62,15,27,0
10809,62,15,27,0
10810,62,15,27,0
10811,62,15,27,0
10812,62,15,27,0
10813,62,15,27,0
10814,62,15,27,0
10815,62,15,27,0
10816,62,15,27,0
10817,62,15,27,0
10818,62,15,27,0
10819,62,15,27,0
10820,62,15,27,0
10821,62,15,27,0
10822,62,15,27,0
10823,62,15,27,0
10824,62,15,27,0
10825,62,15,27,0
10826,62,15,27,0
10827,62,15,27,0
10828,62,15,27,0
10829,62,15,27,0
10830,62,15,27,0
10831,62,15,27,0
10832,62,15,27,0
10833,62,15,27,0
10834,62,15,27,0
10835,62,15,27,0
10836,62,15,27,0
10837,62,15,27,0
10838,62,15,27,0
10839,62,15,27,0
10840,62,15,27,0
10841,62,15,27,0
10842,62,15,27,0
10843,62,15,27,0
10844,62,15,27,0
10845,62,15,27,0
10846,62,15,27,0
10847,62,15,27,0
10848,62,15,27,0
10849,62,15,27,0
10850,62,15,27,0
10851,62,15,27,0
10852,62,15,27,0
10853,62,15,27,0
10854,62,15,27,0
10855,62,15,27,0
10856,62,15,27,0
10857,62,15,27,0
10858,62,15,27,0
10859,62,15,27,0
10860,62,15,27,0
10861,62,15,27,0
10862,62,15,27,0
10863,62,15,27,0
10864,62,15,27,0
10865,62,15,27,0
10866,62,15,27,0
10867,62,15,27,0
10868,62,15,27,0
10869,62,15,27,0
10870,62,15,27,0
10871,62,15,27,0
10872,62,15,27,0
10873,62,15,27,0
10874,62,15,27,0
10875,62,15,27,0
10876,62,15,27,0
10877,62,15,27,0
10878,62,15,27,0
10879,62,15,27,0
10880,62,15,27,0
10881,62,15,27,0
10882,62,15,27,0
10883,62,15,27,0
10884,62,15,27,0
10885,62,15,27,0
10886,62,15,27,0
10887,62,15,27,0
10888,62,15,27,0
10889,62,15,27,0
10890,62,15,27,0
10891,62,15,27,0
10892,62,15,27,0
10893,62,15,27,0
10894,62,15,27,0
10895,62,15,27,0
10896,62,15,27,0
10897,62,15,27,0
10898,62,15,27,0
10899,62,15,27,0
10900,62,15,27,0
10901,62,15,27,0
10902,62,15,27,0
10903,62,15,27,0
10904,62,15,27,0
10905,62,15,27,0
10906,62,15,27,0
10907,62,15,27,0
10908,62,15,27,0
10909,62,15,27,0
10910,62,15,27,0
10911,62,15,27,0
10912,62,15,27,0
10913,62,15,27,0
10914,62,15,27,0
10915,62,15,27,0
10916,62,15,27,0
10917,62,15,27,0
10918,62,15,27,0
10919,62,15,27,0
10920,62,15,27,0
10921,62,15,27,0
10922,62,15,27,0
10923,62,15,27,0
10924,62,15,27,0
10925,62,15,27,0
10926,62,15,27,0
10927,62,15,27,0
10928,62,15,27,0
10929,62,15,27,0
10930,62,15,27,0
10931,62,15,27,0
10932,62,15,27,0
10933,62,15,27,0
10934,62,15,27,0
10935,62,15,27,0
10936,62,15,27,0
10937,62,15,27,0
10938,62,15,27,0
10939,62,15,27,0
10940,62,15,27,0
10941,62,15,27,0
10942,62,15,27,0
10943,62,15,27,0
10944,62,15,27,0
10945,62,15,27,0
10946,62,15,27,0
10947,62,15,27,0
10948,62,15,27,0
10949,62,15,27,0
10950,62,15,27,0
10951,62,15,27,0
10952,62,15,27,0
10953,62,15,27,0
10954,62,15,27,0
10955,62,15,27,0
10956,62,15,27,0
10957,62,15,27,0
10958,62,15,27,0
10959,62,15,27,0
10960,62,15,27,0
10961,62,15,27,0
10962,62,15,27,0
10963,62,15,27,0
10964,62,15,27,0
10965,62,15,27,0
10966,62,15,27,0
10967,62,15,27,0
10968,62,15,27,0
10969,62,15,27,0
10970,62,15,27,0
10971,62,15,27,0
10972,62,15,27,0
10973,62,15,27,0
10974,62,15,27,0
10975,62,15,27,0
10976,62,15,27,0
10977,62,15,27,0
10978,62,15,27,0
10979,62,15,27,0
10980,62,15,27,0
10981,62,15,27,0
10982,62,15,27,0
10983,62,15,27,0
10984,62,15,27,0
10985,62,15,27,0
10986,62,15,27,0
10987,62,15,27,0
10988,62,15,27,0
10989,62,15,27,0
10990,62,15,27,0
10991,62,15,27,0
10992,62,15,27,0
10993,62,15,27,0
10994,62,15,27,0
10995,62,15,27,0
10996,62,15,27,0
10997,62,15,27,0
10998,62,15,27,0
10999,62,15,27,0
11000,62,15,27,0
11001,62,15,27,0
11002,62,15,27,0
11003,62,15,27,0
11004,62,15,27,0
11005,62,15,27,0
11006,62,15,27,0
11007,62,15,27,0
11008,62,15,27,0
11009,62,15,27,0
11010,62,15,27,0
11011,62,15,27,0
11012,62,15,27,0
11013,62,15,27,0
11014,62,15,27,0
11015,62,15,27,0
11016,62,15,27,0
11017,62,15,27,0
11018,62,15,27,0
11019,62,15,27,0
11020,62,15,27,0
11021,62,15,27,0
11022,62,15,27,0
11023,62,15,27,0
11024,62,15,27,0
11025,62,15,27,0
11026,62,15,27,0
11027,62,15,27,0
11028,62,15,27,0
11029,62,15,27,0
11030,62,15,27,0
11031,62,15,27,0
11032,62,15,27,0
11033,62,15,27,0
11034,62,15,27,0
11035,62,15,27,0
11036,62,15,27,0
11037,62,15,27,0
11038,62,15,27,0
11039,62,15,27,0
11040,62,15,27,0
11041,62,15,27,0
11042,62,15,27,0
11043,62,15,27,0
11044,62,15,27,0
11045,62,15,27,0
11046,62,15,27,0
11047,62,15,27,0
11048,62,15,27,0
11049,62,15,27,0
11050,62,15,27,0
11051,62,15,27,0
11052,62,15,27,0
11053,62,15,27,0
11054,62,15,27,0
11055,62,15,27,0
11056,62,15,27,0
11057,62,15,27,0
11058,62,15,27,0
11059,62,15,27,0
11060,62,15,27,0
11061,62,15,27,0
11062,62,15,27,0
11063,62,15,27,0
11064,62,15,27,0
11065,62,15,27,0
11066,62,15,27,0
11067,62,15,27,0
11068,62,15,27,0
11069,62,15,27,0
11070,62,15,27,0
11071,62,15,27,0
11072,62,15,27,0
11073,62,15,27,0
11074,62,15,27,0
11075,62,15,27,0
11076,62,15,27,0
11077,62,15,27,0
11078,62,15,27,0
11079,62,15,27,0
11080,62,15,27,0
11081,62,15,27,0
11082,62,15,27,0
11083,62,15,27,0
11084,62,15,27,0
11085,62,15,27,0
11086,62,15,27,0
11087,62,15,27,0
11088,62,15,27,0
11089,62,15,27,0
11090,62,15,27,0
11091,62,15,27,0
11092,62,15,27,0
11093,62,15,27,0
11094,62,15,27,0
11095,62,15,27,0
11096,62,15,27,0
11097,62,15,27,0
11098,62,15,27,0
11099,62,15,27,0
11100,62,15,27,0
11101,62,15,27,0
11102,62,15,27,0
11103,62,15,27,0
11104,62,15,27,0
11105,62,15,27,0
11106,62,15,27,0
11107,62,15,27,0
11108,62,15,27,0
11109,62,15,27,0
11110,62,15,27,0
11111,62,15,27,0
11112,62,15,27,0
11113,62,15,27,0
11114,62,15,27,0
11115,62,15,27,0
11116,62,15,27,0
11117,62,15,27,0
11118,62,15,27,0
11119,62,15,27,0
11120,62,15,27,0
11121,62,15,27,0
11122,62,15,27,0
11123,62,15,27,0
11124,62,15,27,0
11125,62,15,27,0
11126,62,15,27,0
11127,62,15,27,0
11128,62,15,27,0
11129,62,15,27,0
11130,62,15,27,0
11131,62,15,27,0
11132,62,15,27,0
11133,62,15,27,0
11134,62,15,27,0
11135,62,15,27,0
11136,62,15,27,0
11137,62,15,27,0
11138,62,15,27,0
11139,62,15,27,0
11140,62,15,27,0
11141,62,15,27,0
11142,62,15,27,0
11143,62,15,27,0
11144,62,15,27,0
11145,62,15,27,0
11146,62,15,27,0
11147,62,15,27,0
11148,62,15,27,0
11149,62,15,27,0
11150,62,15,27,0
11151,62,15,27,0
11152,62,15,27,0
11153,62,15,27,0
11154,62,15,27,0
11155,62,15,27,0
11156,62,15,27,0
11157,62,15,27,0
11158,62,15,27,0
11159,62,15,27,0
11160,62,15,27,0
11161,62,15,27,0
11162,62,15,27,0
11163,62,15,27,0
11164,62,15,27,0
11165,62,15,27,0
11166,62,15,27,0
11167,62,15,27,0
11168,62,15,27,0
11169,62,15,27,0
11170,62,15,27,0
11171,62,15,27,0
11172,62,15,27,0
11173,62,15,27,0
11174,62,15,27,0
11175,62,15,27,0
11176,62,15,27,0
11177,62,15,27,0
11178,62,15,27,0
11179,62,15,27,0
11180,62,15,27,0
11181,62,15,27,0
11182,62,15,27,0
11183,62,15,27,0
11184,62,15,27,0
11185,62,15,27,0
11186,62,15,27,0
11187,62,15,27,0
11188,62,15,27,0
11189,62,15,27,0
11190,62,15,27,0
11191,62,15,27,0
11192,62,15,27,0
11193,62,15,27,0
11194,62,15,27,0
11195,62,15,27,0
11196,62,15,27,0
11197,62,15,27,0
11198,62,15,27,0
11199,62,15,27,0
11200,62,15,27,0
11201,62,15,27,0
11202,62,15,27,0
11203,62,15,27,0
11204,62,15,27,0
11205,62,15,27,0
11206,62,15,27,0
11207,62,15,27,0
11208,62,15,27,0
11209,62,15,27,0
11210,62,15,27,0
11211,62,15,27,0
11212,62,15,27,0
11213,62,15,27,0
11214,62,15,27,0
11215,62,15,27,0
11216,62,15,27,0
11217,62,15,27,0
11218,62,15,27,0
11219,62,15,27,0
11220,62,15,27,0
11221,62,15,27,0
11222,62,15,27,0
11223,62,15,27,0
11224,62,15,27,0
11225,62,15,27,0
11226,62,15,27,0
11227,62,15,27,0
11228,62,15,27,0
11229,62,15,27,0
11230,62,15,27,0
11231,62,15,27,0
11232,62,15,27,0
11233,62,15,27,0
11234,62,15,27,0
11235,62,15,27,0
11236,62,15,27,0
11237,62,15,27,0
11238,62,15,27,0
11239,62,15,27,0
11240,62,15,27,0
11241,62,15,27,0
11242,62,15,27,0
11243,62,15,27,0
11244,62,15,27,0
11245,62,15,27,0
11246,62,15,27,0
11247,62,15,27,0
11248,62,15,27,0
11249,62,15,27,0
11250,62,15,27,0
11251,62,15,27,0
11252,62,15,27,0
11253,62,15,27,0
11254,62,15,27,0
11255,62,15,27,0
11256,62,15,27,0
11257,62,15,27,0
11258,62,15,27,0
11259,62,15,27,0
11260,62,15,27,0
11261,62,15,27,0
11262,62,15,27,0
11263,62,15,27,0
11264,62,15,27,0
11265,62,15,27,0
11266,62,15,27,0
11267,62,15,27,0
11268,62,15,27,0
11269,62,15,27,0
11270,62,15,27,0
11271,62,15,27,0
11272,62,15,27,0
11273,62,15,27,0
11274,62,15,27,0
11275,62,15,27,0
11276,62,15,27,0
11277,62,15,27,0
11278,62,15,27,0
11279,62,15,27,0
11280,62,15,27,0
11281,62,15,27,0
11282,62,15,27,0
11283,62,15,27,0
11284,62,15,27,0
11285,62,15,27,0
11286,62,15,27,0
11287,62,15,27,0
11288,62,15,27,0
11289,62,15,27,0
11290,62,15,27,0
11291,62,15,27,0
11292,62,15,27,0
11293,62,15,27,0
11294,62,15,27,0
11295,62,15,27,0
11296,62,15,27,0
11297,62,15,27,0
11298,62,15,27,0
11299,62,15,27,0
11300,62,15,27,0
11301,62,15,27,0
11302,62,15,27,0
11303,62,15,27,0
11304,62,15,27,0
11305,62,15,27,0
11306,62,15,27,0
11307,62,15,27,0
11308,62,15,27,0
11309,62,15,27,0
11310,62,15,27,0
11311,62,15,27,0
11312,62,15,27,0
11313,62,15,27,0
11314,62,15,27,0
11315,62,15,27,0
11316,62,15,27,0
11317,62,15,27,0
11318,62,15,27,0
11319,62,15,27,0
11320,62,15,27,0
11321,62,15,27,0
11322,62,15,27,0
11323,62,15,27,0
11324,62,15,27,0
11325,62,15,27,0
11326,62,15,27,0
11327,62,15,27,0
11328,62,15,27,0
11329,62,15,27,0
11330,62,15,27,0
11331,62,15,27,0
11332,62,15,27,0
11333,62,15,27,0
11334,62,15,27,0
11335,62,15,27,0
11336,62,15,27,0
11337,62,15,27,0
11338,62,15,27,0
11339,62,15,27,0
11340,62,15,27,0
11341,62,15,27,0
11342,62,15,27,0
11343,62,15,27,0
11344,62,15,27,0
11345,62,15,27,0
11346,62,15,27,0
11347,62,15,27,0
11348,62,15,27,0
11349,62,15,27,0
11350,62,15,27,0
11351,62,15,27,0
11352,62,15,27,0
11353,62,15,27,0
11354,62,15,27,0
11355,62,15,27,0
11356,62,15,27,0
11357,62,15,27,0
11358,62,15,27,0
11359,62,15,27,0
11360,62,15,27,0
11361,62,15,27,0
11362,62,15,27,0
11363,62,15,27,0
11364,62,15,27,0
11365,62,15,27,0
11366,62,15,27,0
11367,62,15,27,0
11368,62,15,27,0
11369,62,15,27,0
11370,62,15,27,0
11371,62,15,27,0
11372,62,15,27,0
11373,62,15,27,0
11374,62,15,27,0
11375,62,15,27,0
11376,62,15,27,0
11377,62,15,27,0
11378,62,15,27,0
11379,62,15,27,0
11380,62,15,27,0
11381,62,15,27,0
11382,62,15,27,0
11383,62,15,27,0
11384,62,15,27,0
11385,62,15,27,0
11386,62,15,27,0
11387,62,15,27,0
11388,62,15,27,0
11389,62,15,27,0
11390,62,15,27,0
11391,62,15,27,0
11392,62,15,27,0
11393,62,15,27,0
11394,62,15,27,0
11395,62,15,27,0
11396,62,15,27,0
11397,62,15,27,0
11398,62,15,27,0
11399,62,15,27,0
11400,62,15,27,0
11401,62,15,27,0
11402,62,15,27,0
11403,62,15,27,0
11404,62,15,27,0
11405,62,15,27,0
11406,62,15,27,0
11407,62,15,27,0
11408,62,15,27,0
11409,62,15,27,0
11410,62,15,27,0
11411,62,15,27,0
11412,62,15,27,0
11413,62,15,27,0
11414,62,15,27,0
11415,62,15,27,0
11416,62,15,27,0
11417,62,15,27,0
11418,62,15,27,0
11419,62,15,27,0
11420,62,15,27,0
11421,62,15,27,0
11422,62,15,27,0
11423,62,15,27,0
11424,62,15,27,0
11425,62,15,27,0
11426,62,15,27,0
11427,62,15,27,0
11428,62,15,27,0
11429,62,15,27,0
11430,62,15,27,0
11431,62,15,27,0
11432,62,15,27,0
11433,62,15,27,0
11434,62,15,27,0
11435,62,15,27,0
11436,62,15,27,0
11437,62,15,27,0
11438,62,15,27,0
11439,62,15,27,0
11440,62,15,27,0
11441,62,15,27,0
11442,62,15,27,0
11443,62,15,27,0
11444,62,15,27,0
11445,62,15,27,0
11446,62,15,27,0
11447,62,15,27,0
11448,62,15,27,0
11449,62,15,27,0
11450,62,15,27,0
11451,62,15,27,0
11452,62,15,27,0
11453,62,15,27,0
11454,62,15,27,0
11455,62,15,27,0
11456,62,15,27,0
11457,62,15,27,0
11458,62,15,27,0
11459,62,15,27,0
11460,62,15,27,0
11461,62,15,27,0
11462,62,15,27,0
11463,62,15,27,0
11464,62,15,27,0
11465,62,15,27,0
11466,62,15,27,0
11467,62,15,27,0
11468,62,15,27,0
11469,62,15,27,0
11470,62,15,27,0
11471,62,15,27,0
11472,62,15,27,0
11473,62,15,27,0
11474,62,15,27,0
11475,62,15,27,0
11476,62,15,27,0
11477,62,15,27,0
11478,62,15,27,0
11479,62,15,27,0
11480,62,15,27,0
11481,62,15,27,0
11482,62,15,27,0
11483,62,15,27,0
11484,62,15,27,0
11485,62,15,27,0
11486,62,15,27,0
11487,62,15,27,0
11488,62,15,27,0
11489,62,15,27,0
11490,62,15,27,0
11491,62,15,27,0
11492,62,15,27,0
11493,62,15,27,0
11494,62,15,27,0
11495,62,15,27,0
11496,62,15,27,0
11497,62,15,27,0
11498,62,15,27,0
11499,62,15,27,0
11500,62,15,27,0
11501,62,15,27,0
11502,62,15,27,0
11503,62,15,27,0
11504,62,15,27,0
11505,62,15,27,0
11506,62,15,27,0
11507,62,15,27,0
11508,62,15,27,0
11509,62,15,27,0
11510,62,15,27,0
11511,62,15,27,0
11512,62,15,27,0
11513,62,15,27,0
11514,62,15,27,0
11515,62,15,27,0
11516,62,15,27,0
11517,62,15,27,0
11518,62,15,27,0
11519,62,15,27,0
11520,62,15,27,0
11521,62,15,27,0
11522,62,15,27,0
11523,62,15,27,0
11524,62,15,27,0
11525,62,15,27,0
11526,62,15,27,0
11527,62,15,27,0
11528,62,15,27,0
11529,62,15,27,0
11530,62,15,27,0
11531,62,15,27,0
11532,62,15,27,0
11533,62,15,27,0
11534,62,15,27,0
11535,62,15,27,0
11536,62,15,27,0
11537,62,15,27,0
11538,62,15,27,0
11539,62,15,27,0
11540,62,15,27,0
11541,62,15,27,0
11542,62,15,27,0
11543,62,15,27,0
11544,62,15,27,0
11545,62,15,27,0
11546,62,15,27,0
11547,62,15,27,0
11548,62,15,27,0
11549,62,15,27,0
11550,62,15,27,0
11551,62,15,27,0
11552,62,15,27,0
11553,62,15,27,0
11554,62,15,27,0
11555,62,15,27,0
11556,62,15,27,0
11557,62,15,27,0
11558,62,15,27,0
11559,62,15,27,0
11560,62,15,27,0
11561,62,15,27,0
11562,62,15,27,0
11563,62,15,27,0
11564,62,15,27,0
11565,62,15,27,0
11566,62,15,27,0
11567,62,15,27,0
11568,62,15,27,0
11569,62,15,27,0
11570,62,15,27,0
11571,62,15,27,0
11572,62,15,27,0
11573,62,15,27,0
11574,62,15,27,0
11575,62,15,27,0
11576,62,15,27,0
11577,62,15,27,0
11578,62,15,27,0
11579,62,15,27,0
11580,62,15,27,0
11581,62,15,27,0
11582,62,15,27,0
11583,62,15,27,0
11584,62,15,27,0
11585,62,15,27,0
11586,62,15,27,0
11587,62,15,27,0
11588,62,15,27,0
11589,62,15,27,0
11590,62,15,27,0
11591,62,15,27,0
11592,62,15,27,0
11593,62,15,27,0
11594,62,15,27,0
11595,62,15,27,0
11596,62,15,27,0
11597,62,15,27,0
11598,62,15,27,0
11599,62,15,27,0
11600,62,15,27,0
11601,62,15,27,0
11602,62,15,27,0
11603,62,15,27,0
11604,62,15,27,0
11605,62,15,27,0
11606,62,15,27,0
11607,62,15,27,0
11608,62,15,27,0
11609,62,15,27,0
11610,62,15,27,0
11611,62,15,27,0
11612,62,15,27,0
11613,62,15,27,0
11614,62,15,27,0
11615,62,15,27,0
11616,62,15,27,0
11617,62,15,27,0
11618,62,15,27,0
11619,62,15,27,0
11620,62,15,27,0
11621,62,15,27,0
11622,62,15,27,0
11623,62,15,27,0
11624,62,15,27,0
11625,62,15,27,0
11626,62,15,27,0
11627,62,15,27,0
11628,62,15,27,0
11629,62,15,27,0
11630,62,15,27,0
11631,62,15,27,0
11632,62,15,27,0
11633,62,15,27,0
11634,62,15,27,0
11635,62,15,27,0
11636,62,15,27,0
11637,62,15,27,0
11638,62,15,27,0
11639,62,15,27,0
11640,62,15,27,0
11641,62,15,27,0
11642,62,15,27,0
11643,62,15,27,0
11644,62,15,27,0
11645,62,15,27,0
11646,62,15,27,0
11647,62,15,27,0
11648,62,15,27,0
11649,62,15,27,0
11650,62,15,27,0
11651,62,15,27,0
11652,62,15,27,0
11653,62,15,27,0
11654,62,15,27,0
11655,62,15,27,0
11656,62,15,27,0
11657,62,15,27,0
11658,62,15,27,0
11659,62,15,27,0
11660,62,15,27,0
11661,62,15,27,0
11662,62,15,27,0
11663,62,15,27,0
11664,62,15,27,0
11665,62,15,27,0
11666,62,15,27,0
11667,62,15,27,0
11668,62,15,27,0
11669,62,15,27,0
11670,62,15,27,0
11671,62,15,27,0
11672,62,15,27,0
11673,62,15,27,0
11674,62,15,27,0
11675,62,15,27,0
11676,62,15,27,0
11677,62,15,27,0
11678,62,15,27,0
11679,62,15,27,0
11680,62,15,27,0
11681,62,15,27,0
11682,62,15,27,0
11683,62,15,27,0
11684,62,15,27,0
11685,62,15,27,0
11686,62,15,27,0
11687,62,15,27,0
11688,62,15,27,0
11689,62,15,27,0
11690,62,15,27,0
11691,62,15,27,0
11692,62,15,27,0
11693,62,15,27,0
11694,62,15,27,0
11695,62,15,27,0
11696,62,15,27,0
11697,62,15,27,0
11698,62,15,27,0
11699,62,15,27,0
11700,62,15,27,0
11701,62,15,27,0
11702,62,15,27,0
11703,62,15,27,0
11704,62,15,27,0
11705,62,15,27,0
11706,62,15,27,0
11707,62,15,27,0
11708,62,15,27,0
11709,62,15,27,0
11710,62,15,27,0
11711,62,15,27,0
11712,62,15,27,0
11713,62,15,27,0
11714,62,15,27,0
11715,62,15,27,0
11716,62,15,27,0
11717,62,15,27,0
11718,62,15,27,0
11719,62,15,27,0
11720,62,15,27,0
11721,62,15,27,0
11722,62,15,27,0
11723,62,15,27,0
11724,62,15,27,0
11725,62,15,27,0
11726,62,15,27,0
11727,62,15,27,0
11728,62,15,27,0
11729,62,15,27,0
11730,62,15,27,0
11731,62,15,27,0
11732,62,15,27,0
11733,62,15,27,0
11734,62,15,27,0
11735,62,15,27,0
11736,62,15,27,0
11737,62,15,27,0
11738,62,15,27,0
11739,62,15,27,0
11740,62,15,27,0
11741,62,15,27,0
11742,62,15,27,0
11743,62,15,27,0
11744,62,15,27,0
11745,62,15,27,0
11746,62,15,27,0
11747,62,15,27,0
11748,62,15,27,0
11749,62,15,27,0
11750,62,15,27,0
11751,62,15,27,0
11752,62,15,27,0
11753,62,15,27,0
11754,62,15,27,0
11755,62,15,27,0
11756,62,15,27,0
11757,62,15,27,0
11758,62,15,27,0
11759,62,15,27,0
11760,62,15,27,0
11761,62,15,27,0
11762,62,15,27,0
11763,62,15,27,0
11764,62,15,27,0
11765,62,15,27,0
11766,62,15,27,0
11767,62,15,27,0
11768,62,15,27,0
11769,62,15,27,0
11770,62,15,27,0
11771,62,15,27,0
11772,62,15,27,0
11773,62,15,27,0
11774,62,15,27,0
11775,62,15,27,0
11776,62,15,27,0
11777,62,15,27,0
11778,62,15,27,0
11779,62,15,27,0
11780,62,15,27,0
11781,62,15,27,0
11782,62,15,27,0
11783,62,15,27,0
11784,62,15,27,0
11785,62,15,27,0
11786,62,15,27,0
11787,62,15,27,0
11788,62,15,27,0
11789,62,15,27,0
11790,62,15,27,0
11791,62,15,27,0
11792,62,15,27,0
11793,62,15,27,0
11794,62,15,27,0
11795,62,15,27,0
11796,62,15,27,0
11797,62,15,27,0
11798,62,15,27,0
11799,62,15,27,0
11800,62,15,27,0
11801,62,15,27,0
11802,62,15,27,0
11803,62,15,27,0
11804,62,15,27,0
11805,62,15,27,0
11806,62,15,27,0
11807,62,15,27,0
11808,62,15,27,0
11809,62,15,27,0
11810,62,15,27,0
11811,62,15,27,0
11812,62,15,27,0
11813,62,15,27,0
11814,62,15,27,0
11815,62,15,27,0
11816,62,15,27,0
11817,62,15,27,0
11818,62,15,27,0
11819,62,15,27,0
11820,62,15,27,0
11821,62,15,27,0
11822,62,15,27,0
11823,62,15,27,0
11824,62,15,27,0
11825,62,15,27,0
11826,62,15,27,0
11827,62,15,27,0
11828,62,15,27,0
11829,62,15,27,0
11830,62,15,27,0
11831,62,15,27,0
11832,62,15,27,0
11833,62,15,27,0
11834,62,15,27,0
11835,62,15,27,0
11836,62,15,27,0
11837,62,15,27,0
11838,62,15,27,0
11839,62,15,27,0
11840,62,15,27,0
11841,62,15,27,0
11842,62,15,27,0
11843,62,15,27,0
11844,62,15,27,0
11845,62,15,27,0
11846,62,15,27,0
11847,62,15,27,0
11848,62,15,27,0
11849,62,15,27,0
11850,62,15,27,0
11851,62,15,27,0
11852,62,15,27,0
11853,62,15,27,0
11854,62,15,27,0
11855,62,15,27,0
11856,62,15,27,0
11857,62,15,27,0
11858,62,15,27,0
11859,62,15,27,0
11860,62,15,27,0
11861,62,15,27,0
11862,62,15,27,0
11863,62,15,27,0
11864,62,15,27,0
11865,62,15,27,0
11866,62,15,27,0
11867,62,15,27,0
11868,62,15,27,0
11869,62,15,27,0
11870,62,15,27,0
11871,62,15,27,0
11872,62,15,27,0
11873,62,15,27,0
11874,62,15,27,0
11875,62,15,27,0
11876,62,15,27,0
11877,62,15,27,0
11878,62,15,27,0
11879,62,15,27,0
11880,62,15,27,0
11881,62,15,27,0
11882,62,15,27,0
11883,62,15,27,0
11884,62,15,27,0
11885,62,15,27,0
11886,62,15,27,0
11887,62,15,27,0
11888,62,15,27,0
11889,62,15,27,0
11890,62,15,27,0
11891,62,15,27,0
11892,62,15,27,0
11893,62,15,27,0
11894,62,15,27,0
11895,62,15,27,0
11896,62,15,27,0
11897,62,15,27,0
11898,62,15,27,0
11899,62,15,27,0
11900,62,15,27,0
11901,62,15,27,0
11902,62,15,27,0
11903,62,15,27,0
11904,62,15,27,0
11905,62,15,27,0
11906,62,15,27,0
11907,62,15,27,0
11908,62,15,27,0
11909,62,15,27,0
11910,62,15,27,0
11911,62,15,27,0
11912,62,15,27,0
11913,62,15,27,0
11914,62,15,27,0
11915,62,15,27,0
11916,62,15,27,0
11917,62,15,27,0
11918,62,15,27,0
11919,62,15,27,0
11920,62,15,27,0
11921,62,15,27,0
11922,62,15,27,0
11923,62,15,27,0
11924,62,15,27,0
11925,62,15,27,0
11926,62,15,27,0
11927,62,15,27,0
11928,62,15,27,0
11929,62,15,27,0
11930,62,15,27,0
11931,62,15,27,0
11932,62,15,27,0
11933,62,15,27,0
11934,62,15,27,0
11935,62,15,27,0
11936,62,15,27,0
11937,62,15,27,0
11938,62,15,27,0
11939,62,15,27,0
11940,62,15,27,0
11941,62,15,27,0
11942,62,15,27,0
11943,62,15,27,0
11944,62,15,27,0
11945,62,15,27,0
11946,62,15,27,0
11947,62,15,27,0
11948,62,15,27,0
11949,62,15,27,0
11950,62,15,27,0
11951,62,15,27,0
11952,62,15,27,0
11953,62,15,27,0
11954,62,15,27,0
11955,62,15,27,0
11956,62,15,27,0
11957,62,15,27,0
11958,62,15,27,0
11959,62,15,27,0
11960,62,15,27,0
11961,62,15,27,0
11962,62,15,27,0
11963,62,15,27,0
11964,62,15,27,0
11965,62,15,27,0
11966,62,15,27,0
11967,62,15,27,0
11968,62,15,27,0
11969,62,15,27,0
11970,62,15,27,0
11971,62,15,27,0
11972,62,15,27,0
11973,62,15,27,0
11974,62,15,27,0
11975,62,15,27,0
11976,62,15,27,0
11977,62,15,27,0
11978,62,15,27,0
11979,62,15,27,0
11980,62,15,27,0
11981,62,15,27,0
11982,62,15,27,0
11983,62,15,27,0
11984,62,15,27,0
11985,62,15,27,0
11986,62,15,27,0
11987,62,15,27,0
11988,62,15,27,0
11989,62,15,27,0
11990,62,15,27,0
11991,62,15,27,0
11992,62,15,27,0
11993,62,15,27,0
11994,62,15,27,0
11995,62,15,27,0
11996,62,15,27,0
11997,62,15,27,0
11998,62,15,27,0
11999,62,15,27,0
12000,62,15,27,0
12001,62,15,27,0
12002,62,15,27,0
12003,62,15,27,0
12004,62,15,27,0
12005,62,15,27,0
12006,62,15,27,0
12007,62,15,27,0
12008,62,15,27,0
12009,62,15,27,0
12010,62,15,27,0
12011,62,15,27,0
12012,62,15,27,0
12013,62,15,27,0
12014,62,15,27,0
12015,62,15,27,0
12016,62,15,27,0
12017,62,15,27,0
12018,62,15,27,0
12019,62,15,27,0
12020,62,15,27,0
12021,62,15,27,0
12022,62,15,27,0
12023,62,15,27,0
12024,62,15,27,0
12025,62,15,27,0
12026,62,15,27,0
12027,62,15,27,0
12028,62,15,27,0
12029,62,15,27,0
12030,62,15,27,0
12031,62,15,27,0
12032,62,15,27,0
12033,62,15,27,0
12034,62,15,27,0
12035,62,15,27,0
12036,62,15,27,0
12037,62,15,27,0
12038,62,15,27,0
12039,62,15,27,0
12040,62,15,27,0
12041,62,15,27,0
12042,62,15,27,0
12043,62,15,27,0
12044,62,15,27,0
12045,62,15,27,0
12046,62,15,27,0
12047,62,15,27,0
12048,62,15,27,0
12049,62,15,27,0
12050,62,15,27,0
12051,62,15,27,0
12052,62,15,27,0
12053,62,15,27,0
12054,62,15,27,0
12055,62,15,27,0
12056,62,15,27,0
12057,62,15,27,0
12058,62,15,27,0
12059,62,15,27,0
12060,62,15,27,0
12061,62,15,27,0
12062,62,15,27,0
12063,62,15,27,0
12064,62,15,27,0
12065,62,15,27,0
12066,62,15,27,0
12067,62,15,27,0
12068,62,15,27,0
12069,62,15,27,0
12070,62,15,27,0
12071,62,15,27,0
12072,62,15,27,0
12073,62,15,27,0
12074,62,15,27,0
12075,62,15,27,0
12076,62,15,27,0
12077,62,15,27,0
12078,62,15,27,0
12079,62,15,27,0
12080,62,15,27,0
12081,62,15,27,0
12082,62,15,27,0
12083,62,15,27,0
12084,62,15,27,0
12085,62,15,27,0
12086,62,15,27,0
12087,62,15,27,0
12088,62,15,27,0
12089,62,15,27,0
12090,62,15,27,0
12091,62,15,27,0
12092,62,15,27,0
12093,62,15,27,0
12094,62,15,27,0
12095,62,15,27,0
12096,62,15,27,0
12097,62,15,27,0
12098,62,15,27,0
12099,62,15,27,0
12100,62,15,27,0
12101,62,15,27,0
12102,62,15,27,0
12103,62,15,27,0
12104,62,15,27,0
12105,62,15,27,0
12106,62,15,27,0
12107,62,15,27,0
12108,62,15,27,0
12109,62,15,27,0
12110,62,15,27,0
12111,62,15,27,0
12112,62,15,27,0
12113,62,15,27,0
12114,62,15,27,0
12115,62,15,27,0
12116,62,15,27,0
12117,62,15,27,0
12118,62,15,27,0
12119,62,15,27,0
12120,62,15,27,0
12121,62,15,27,0
12122,62,15,27,0
12123,62,15,27,0
12124,62,15,27,0
12125,62,15,27,0
12126,62,15,27,0
12127,62,15,27,0
12128,62,15,27,0
12129,62,15,27,0
12130,62,15,27,0
12131,62,15,27,0
12132,62,15,27,0
12133,62,15,27,0
12134,62,15,27,0
12135,62,15,27,0
12136,62,15,27,0
12137,62,15,27,0
12138,62,15,27,0
12139,62,15,27,0
12140,62,15,27,0
12141,62,15,27,0
12142,62,15,27,0
12143,62,15,27,0
12144,62,15,27,0
12145,62,15,27,0
12146,62,15,27,0
12147,62,15,27,0
12148,62,15,27,0
12149,62,15,27,0
12150,62,15,27,0
12151,62,15,27,0
12152,62,15,27,0
12153,62,15,27,0
12154,62,15,27,0
12155,62,15,27,0
12156,62,15,27,0
12157,62,15,27,0
12158,62,15,27,0
12159,62,15,27,0
12160,62,15,27,0
12161,62,15,27,0
12162,62,15,27,0
12163,62,15,27,0
12164,62,15,27,0
12165,62,15,27,0
12166,62,15,27,0
12167,62,15,27,0
12168,62,15,27,0
12169,62,15,27,0
12170,62,15,27,0
12171,62,15,27,0
12172,62,15,27,0
12173,62,15,27,0
12174,62,15,27,0
12175,62,15,27,0
12176,62,15,27,0
12177,62,15,27,0
12178,62,15,27,0
12179,62,15,27,0
12180,62,15,27,0
12181,62,15,27,0
12182,62,15,27,0
12183,62,15,27,0
12184,62,15,27,0
12185,62,15,27,0
12186,62,15,27,0
12187,62,15,27,0
12188,62,15,27,0
12189,62,15,27,0
12190,62,15,27,0
12191,62,15,27,0
12192,62,15,27,0
12193,62,15,27,0
12194,62,15,27,0
12195,62,15,27,0
12196,62,15,27,0
12197,62,15,27,0
12198,62,15,27,0
12199,62,15,27,0
12200,62,15,27,0
12201,62,15,27,0
12202,62,15,27,0
12203,62,15,27,0
12204,62,15,27,0
12205,62,15,27,0
12206,62,15,27,0
12207,62,15,27,0
12208,62,15,27,0
12209,62,15,27,0
12210,62,15,27,0
12211,62,15,27,0
12212,62,15,27,0
12213,62,15,27,0
12214,62,15,27,0
12215,62,15,27,0
12216,62,15,27,0
12217,62,15,27,0
12218,62,15,27,0
12219,62,15,27,0
12220,62,15,27,0
12221,62,15,27,0
12222,62,15,27,0
12223,62,15,27,0
12224,62,15,27,0
12225,62,15,27,0
12226,62,15,27,0
12227,62,15,27,0
12228,62,15,27,0
12229,62,15,27,0
12230,62,15,27,0
12231,62,15,27,0
12232,62,15,27,0
12233,62,15,27,0
12234,62,15,27,0
12235,62,15,27,0
12236,62,15,27,0
12237,62,15,27,0
12238,62,15,27,0
12239,62,15,27,0
12240,62,15,27,0
12241,62,15,27,0
12242,62,15,27,0
12243,62,15,27,0
12244,62,15,27,0
12245,62,15,27,0
12246,62,15,27,0
12247,62,15,27,0
12248,62,15,27,0
12249,62,15,27,0
12250,62,15,27,0
12251,62,15,27,0
12252,62,15,27,0
12253,62,15,27,0
12254,62,15,27,0
12255,62,15,27,0
12256,62,15,27,0
12257,62,15,27,0
12258,62,15,27,0
12259,62,15,27,0
12260,62,15,27,0
12261,62,15,27,0
12262,62,15,27,0
12263,62,15,27,0
12264,62,15,27,0
12265,62,15,27,0
12266,62,15,27,0
12267,62,15,27,0
12268,62,15,27,0
12269,62,15,27,0
12270,62,15,27,0
12271,62,15,27,0
12272,62,15,27,0
12273,62,15,27,0
12274,62,15,27,0
12275,62,15,27,0
12276,62,15,27,0
12277,62,15,27,0
12278,62,15,27,0
12279,62,15,27,0
12280,62,15,27,0
12281,62,15,27,0
12282,62,15,27,0
12283,62,15,27,0
12284,62,15,27,0
12285,62,15,27,0
12286,62,15,27,0
12287,62,15,27,0
12288,62,15,27,0
12289,62,15,27,0
12290,62,15,27,0
12291,62,15,27,0
12292,62,15,27,0
12293,62,15,27,0
12294,62,15,27,0
12295,62,15,27,0
12296,62,15,27,0
12297,62,15,27,0
12298,62,15,27,0
12299,62,15,27,0
12300,62,15,27,0
12301,62,15,27,0
12302,62,15,27,0
12303,62,15,27,0
12304,62,15,27,0
12305,62,15,27,0
12306,62,15,27,0
12307,62,15,27,0
12308,62,15,27,0
12309,62,15,27,0
12310,62,15,27,0
12311,62,15,27,0
12312,62,15,27,0
12313,62,15,27,0
12314,62,15,27,0
12315,62,15,27,0
12316,62,15,27,0
12317,62,15,27,0
12318,62,15,27,0
12319,62,15,27,0
12320,62,15,27,0
12321,62,15,27,0
12322,62,15,27,0
12323,62,15,27,0
12324,62,15,27,0
12325,62,15,27,0
12326,62,15,27,0
12327,62,15,27,0
12328,62,15,27,0
12329,62,15,27,0
12330,62,15,27,0
12331,62,15,27,0
12332,62,15,27,0
12333,62,15,27,0
12334,62,15,27,0
12335,62,15,27,0
12336,62,15,27,0
12337,62,15,27,0
12338,62,15,27,0
12339,62,15,27,0
12340,62,15,27,0
12341,62,15,27,0
12342,62,15,27,0
12343,62,15,27,0
12344,62,15,27,0
12345,62,15,27,0
12346,62,15,27,0
12347,62,15,27,0
12348,62,15,27,0
12349,62,15,27,0
12350,62,15,27,0
12351,62,15,27,0
12352,62,15,27,0
12353,62,15,27,0
12354,62,15,27,0
12355,62,15,27,0
12356,62,15,27,0
12357,62,15,27,0
12358,62,15,27,0
12359,62,15,27,0
12360,62,15,27,0
12361,62,15,27,0
12362,62,15,27,0
12363,62,15,27,0
12364,62,15,27,0
12365,62,15,27,0
12366,62,15,27,0
12367,62,15,27,0
12368,62,15,27,0
12369,62,15,27,0
12370,62,15,27,0
12371,62,15,27,0
12372,62,15,27,0
12373,62,15,27,0
12374,62,15,27,0
12375,62,15,27,0
12376,62,15,27,0
12377,62,15,27,0
12378,62,15,27,0
12379,62,15,27,0
12380,62,15,27,0
12381,62,15,27,0
12382,62,15,27,0
12383,62,15,27,0
12384,62,15,27,0
12385,62,15,27,0
12386,62,15,27,0
12387,62,15,27,0
12388,62,15,27,0
12389,62,15,27,0
12390,62,15,27,0
12391,62,15,27,0
12392,62,15,27,0
12393,62,15,27,0
12394,62,15,27,0
12395,62,15,27,0
12396,62,15,27,0
12397,62,15,27,0
12398,62,15,27,0
12399,62,15,27,0
12400,62,15,27,0
12401,62,15,27,0
12402,62,15,27,0
12403,62,15,27,0
12404,62,15,27,0
12405,62,15,27,0
12406,62,15,27,0
12407,62,15,27,0
12408,62,15,27,0
12409,62,15,27,0
12410,62,15,27,0
12411,62,15,27,0
12412,62,15,27,0
12413,62,15,27,0
12414,62,15,27,0
12415,62,15,27,0
12416,62,15,27,0
12417,62,15,27,0
12418,62,15,27,0
12419,62,15,27,0
12420,62,15,27,0
12421,62,15,27,0
12422,62,15,27,0
12423,62,15,27,0
12424,62,15,27,0
12425,62,15,27,0
12426,62,15,27,0
12427,62,15,27,0
12428,62,15,27,0
12429,62,15,27,0
12430,62,15,27,0
12431,62,15,27,0
12432,62,15,27,0
12433,62,15,27,0
12434,62,15,27,0
12435,62,15,27,0
12436,62,15,27,0
12437,62,15,27,0
12438,62,15,27,0
12439,62,15,27,0
12440,62,15,27,0
12441,62,15,27,0
12442,62,15,27,0
12443,62,15,27,0
12444,62,15,27,0
12445,62,15,27,0
12446,62,15,27,0
12447,62,15,27,0
12448,62,15,27,0
12449,62,15,27,0
12450,62,15,27,0
12451,62,15,27,0
12452,62,15,27,0
12453,62,15,27,0
12454,62,15,27,0
12455,62,15,27,0
12456,62,15,27,0
12457,62,15,27,0
12458,62,15,27,0
12459,62,15,27,0
12460,62,15,27,0
12461,62,15,27,0
12462,62,15,27,0
12463,62,15,27,0
12464,62,15,27,0
12465,62,15,27,0
12466,62,15,27,0
12467,62,15,27,0
12468,62,15,27,0
12469,62,15,27,0
12470,62,15,27,0
12471,62,15,27,0
12472,62,15,27,0
12473,62,15,27,0
12474,62,15,27,0
12475,62,15,27,0
12476,62,15,27,0
12477,62,15,27,0
12478,62,15,27,0
12479,62,15,27,0
12480,62,15,27,0
12481,62,15,27,0
12482,62,15,27,0
12483,62,15,27,0
12484,62,15,27,0
12485,62,15,27,0
12486,62,15,27,0
12487,62,15,27,0
12488,62,15,27,0
12489,62,15,27,0
12490,62,15,27,0
12491,62,15,27,0
12492,62,15,27,0
12493,62,15,27,0
12494,62,15,27,0
12495,62,15,27,0
12496,62,15,27,0
12497,62,15,27,0
12498,62,15,27,0
12499,62,15,27,0
12500,62,15,27,0
12501,62,15,27,0
12502,62,15,27,0
12503,62,15,27,0
12504,62,15,27,0
12505,62,15,27,0
12506,62,15,27,0
12507,62,15,27,0
12508,62,15,27,0
12509,62,15,27,0
12510,62,15,27,0
12511,62,15,27,0
12512,62,15,27,0
12513,62,15,27,0
12514,62,15,27,0
12515,62,15,27,0
12516,62,15,27,0
12517,62,15,27,0
12518,62,15,27,0
12519,62,15,27,0
12520,62,15,27,0
12521,62,15,27,0
12522,62,15,27,0
12523,62,15,27,0
12524,62,15,27,0
12525,62,15,27,0
12526,62,15,27,0
12527,62,15,27,0
12528,62,15,27,0
12529,62,15,27,0
12530,62,15,27,0
12531,62,15,27,0
12532,62,15,27,0
12533,62,15,27,0
12534,62,15,27,0
12535,62,15,27,0
12536,62,15,27,0
12537,62,15,27,0
12538,62,15,27,0
12539,62,15,27,0
12540,62,15,27,0
12541,62,15,27,0
12542,62,15,27,0
12543,62,15,27,0
12544,62,15,27,0
12545,62,15,27,0
12546,62,15,27,0
12547,62,15,27,0
12548,62,15,27,0
12549,62,15,27,0
12550,62,15,27,0
12551,62,15,27,0
12552,62,15,27,0
12553,62,15,27,0
12554,62,15,27,0
12555,62,15,27,0
12556,62,15,27,0
12557,62,15,27,0
12558,62,15,27,0
12559,62,15,27,0
12560,62,15,27,0
12561,62,15,27,0
12562,62,15,27,0
12563,62,15,27,0
12564,62,15,27,0
12565,62,15,27,0
12566,62,15,27,0
12567,62,15,27,0
12568,62,15,27,0
12569,62,15,27,0
12570,62,15,27,0
12571,62,15,27,0
12572,62,15,27,0
12573,62,15,27,0
12574,62,15,27,0
12575,62,15,27,0
12576,62,15,27,0
12577,62,15,27,0
12578,62,15,27,0
12579,62,15,27,0
12580,62,15,27,0
12581,62,15,27,0
12582,62,15,27,0
12583,62,15,27,0
12584,62,15,27,0
12585,62,15,27,0
12586,62,15,27,0
12587,62,15,27,0
12588,62,15,27,0
12589,62,15,27,0
12590,62,15,27,0
12591,62,15,27,0
12592,62,15,27,0
12593,62,15,27,0
12594,62,15,27,0
12595,62,15,27,0
12596,62,15,27,0
12597,62,15,27,0
12598,62,15,27,0
12599,62,15,27,0
12600,62,15,27,0
12601,62,15,27,0
12602,62,15,27,0
12603,62,15,27,0
12604,62,15,27,0
12605,62,15,27,0
12606,62,15,27,0
12607,62,15,27,0
12608,62,15,27,0
12609,62,15,27,0
12610,62,15,27,0
12611,62,15,27,0
12612,62,15,27,0
12613,62,15,27,0
12614,62,15,27,0
12615,62,15,27,0
12616,62,15,27,0
12617,62,15,27,0
12618,62,15,27,0
12619,62,15,27,0
12620,62,15,27,0
12621,62,15,27,0
12622,62,15,27,0
12623,62,15,27,0
12624,62,15,27,0
12625,62,15,27,0
12626,62,15,27,0
12627,62,15,27,0
12628,62,15,27,0
12629,62,15,27,0
12630,62,15,27,0
12631,62,15,27,0
12632,62,15,27,0
12633,62,15,27,0
12634,62,15,27,0
12635,62,15,27,0
12636,62,15,27,0
12637,62,15,27,0
12638,62,15,27,0
12639,62,15,27,0
12640,62,15,27,0
12641,62,15,27,0
12642,62,15,27,0
12643,62,15,27,0
12644,62,15,27,0
12645,62,15,27,0
12646,62,15,27,0
12647,62,15,27,0
12648,62,15,27,0
12649,62,15,27,0
12650,62,15,27,0
12651,62,15,27,0
12652,62,15,27,0
12653,62,15,27,0
12654,62,15,27,0
12655,62,15,27,0
12656,62,15,27,0
12657,62,15,27,0
12658,62,15,27,0
12659,62,15,27,0
12660,62,15,27,0
12661,62,15,27,0
12662,62,15,27,0
12663,62,15,27,0
12664,62,15,27,0
12665,62,15,27,0
12666,62,15,27,0
12667,62,15,27,0
12668,62,15,27,0
12669,62,15,27,0
12670,62,15,27,0
12671,62,15,27,0
12672,62,15,27,0
12673,62,15,27,0
12674,62,15,27,0
12675,62,15,27,0
12676,62,15,27,0
12677,62,15,27,0
12678,62,15,27,0
12679,62,15,27,0
12680,62,15,27,0
12681,62,15,27,0
12682,62,15,27,0
12683,62,15,27,0
12684,62,15,27,0
12685,62,15,27,0
12686,62,15,27,0
12687,62,15,27,0
12688,62,15,27,0
12689,62,15,27,0
12690,62,15,27,0
12691,62,15,27,0
12692,62,15,27,0
12693,62,15,27,0
12694,62,15,27,0
12695,62,15,27,0
12696,62,15,27,0
12697,62,15,27,0
12698,62,15,27,0
12699,62,15,27,0
12700,62,15,27,0
12701,62,15,27,0
12702,62,15,27,0
12703,62,15,27,0
12704,62,15,27,0
12705,62,15,27,0
12706,62,15,27,0
12707,62,15,27,0
12708,62,15,27,0
12709,62,15,27,0
12710,62,15,27,0
12711,62,15,27,0
12712,62,15,27,0
12713,62,15,27,0
12714,62,15,27,0
12715,62,15,27,0
12716,62,15,27,0
12717,62,15,27,0
12718,62,15,27,0
12719,62,15,27,0
12720,62,15,27,0
12721,62,15,27,0
12722,62,15,27,0
12723,62,15,27,0
12724,62,15,27,0
12725,62,15,27,0
12726,62,15,27,0
12727,62,15,27,0
12728,62,15,27,0
12729,62,15,27,0
12730,62,15,27,0
12731,62,15,27,0
12732,62,15,27,0
12733,62,15,27,0
12734,62,15,27,0
12735,62,15,27,0
12736,62,15,27,0
12737,62,15,27,0
12738,62,15,27,0
12739,62,15,27,0
12740,62,15,27,0
12741,62,15,27,0
12742,62,15,27,0
12743,62,15,27,0
12744,62,15,27,0
12745,62,15,27,0
12746,62,15,27,0
12747,62,15,27,0
12748,62,15,27,0
12749,62,15,27,0
12750,62,15,27,0
12751,62,15,27,0
12752,62,15,27,0
12753,62,15,27,0
12754,62,15,27,0
12755,62,15,27,0
12756,62,15,27,0
12757,62,15,27,0
12758,62,15,27,0
12759,62,15,27,0
12760,62,15,27,0
12761,62,15,27,0
12762,62,15,27,0
12763,62,15,27,0
12764,62,15,27,0
12765,62,15,27,0
12766,62,15,27,0
12767,62,15,27,0
12768,62,15,27,0
12769,62,15,27,0
12770,62,15,27,0
12771,62,15,27,0
12772,62,15,27,0
12773,62,15,27,0
12774,62,15,27,0
12775,62,15,27,0
12776,62,15,27,0
12777,62,15,27,0
12778,62,15,27,0
12779,62,15,27,0
12780,62,15,27,0
12781,62,15,27,0
12782,62,15,27,0
12783,62,15,27,0
12784,62,15,27,0
12785,62,15,27,0
12786,62,15,27,0
12787,62,15,27,0
12788,62,15,27,0
12789,62,15,27,0
12790,62,15,27,0
12791,62,15,27,0
12792,62,15,27,0
12793,62,15,27,0
12794,62,15,27,0
12795,62,15,27,0
12796,62,15,27,0
12797,62,15,27,0
12798,62,15,27,0
12799,62,15,27,0
12800,62,15,27,0
12801,62,15,27,0
12802,62,15,27,0
12803,62,15,27,0
12804,62,15,27,0
12805,62,15,27,0
12806,62,15,27,0
12807,62,15,27,0
12808,62,15,27,0
12809,62,15,27,0
12810,62,15,27,0
12811,62,15,27,0
12812,62,15,27,0
12813,62,15,27,0
12814,62,15,27,0
12815,62,15,27,0
12816,62,15,27,0
12817,62,15,27,0
12818,62,15,27,0
12819,62,15,27,0
12820,62,15,27,0
12821,62,15,27,0
12822,62,15,27,0
12823,62,15,27,0
12824,62,15,27,0
12825,62,15,27,0
12826,62,15,27,0
12827,62,15,27,0
12828,62,15,27,0
12829,62,15,27,0
12830,62,15,27,0
12831,62,15,27,0
12832,62,15,27,0
12833,62,15,27,0
12834,62,15,27,0
12835,62,15,27,0
12836,62,15,27,0
12837,62,15,27,0
12838,62,15,27,0
12839,62,15,27,0
12840,62,15,27,0
12841,62,15,27,0
12842,62,15,27,0
12843,62,15,27,0
12844,62,15,27,0
12845,62,15,27,0
12846,62,15,27,0
12847,62,15,27,0
12848,62,15,27,0
12849,62,15,27,0
12850,62,15,27,0
12851,62,15,27,0
12852,62,15,27,0
12853,62,15,27,0
12854,62,15,27,0
12855,62,15,27,0
12856,62,15,27,0
12857,62,15,27,0
12858,62,15,27,0
12859,62,15,27,0
12860,62,15,27,0
12861,62,15,27,0
12862,62,15,27,0
12863,62,15,27,0
12864,62,15,27,0
12865,62,15,27,0
12866,62,15,27,0
12867,62,15,27,0
12868,62,15,27,0
12869,62,15,27,0
12870,62,15,27,0
12871,62,15,27,0
12872,62,15,27,0
12873,62,15,27,0
12874,62,15,27,0
12875,62,15,27,0
12876,62,15,27,0
12877,62,15,27,0
12878,62,15,27,0
12879,62,15,27,0
12880,62,15,27,0
12881,62,15,27,0
12882,62,15,27,0
12883,62,15,27,0
12884,62,15,27,0
12885,62,15,27,0
12886,62,15,27,0
12887,62,15,27,0
12888,62,15,27,0
12889,62,15,27,0
12890,62,15,27,0
12891,62,15,27,0
12892,62,15,27,0
12893,62,15,27,0
12894,62,15,27,0
12895,62,15,27,0
12896,62,15,27,0
12897,62,15,27,0
12898,62,15,27,0
12899,62,15,27,0
12900,62,15,27,0
12901,62,15,27,0
12902,62,15,27,0
12903,62,15,27,0
12904,62,15,27,0
12905,62,15,27,0
12906,62,15,27,0
12907,62,15,27,0
12908,62,15,27,0
12909,62,15,27,0
12910,62,15,27,0
12911,62,15,27,0
12912,62,15,27,0
12913,62,15,27,0
12914,62,15,27,0
12915,62,15,27,0
12916,62,15,27,0
12917,62,15,27,0
12918,62,15,27,0
12919,62,15,27,0
12920,62,15,27,0
12921,62,15,27,0
12922,62,15,27,0
12923,62,15,27,0
12924,62,15,27,0
12925,62,15,27,0
12926,62,15,27,0
12927,62,15,27,0
12928,62,15,27,0
12929,62,15,27,0
12930,62,15,27,0
12931,62,15,27,0
12932,62,15,27,0
12933,62,15,27,0
12934,62,15,27,0
12935,62,15,27,0
12936,62,15,27,0
12937,62,15,27,0
12938,62,15,27,0
12939,62,15,27,0
12940,62,15,27,0
12941,62,15,27,0
12942,62,15,27,0
12943,62,15,27,0
12944,62,15,27,0
12945,62,15,27,0
12946,62,15,27,0
12947,62,15,27,0
12948,62,15,27,0
12949,62,15,27,0
12950,62,15,27,0
12951,62,15,27,0
12952,62,15,27,0
12953,62,15,27,0
12954,62,15,27,0
12955,62,15,27,0
12956,62,15,27,0
12957,62,15,27,0
12958,62,15,27,0
12959,62,15,27,0
12960,62,15,27,0
12961,62,15,27,0
12962,62,15,27,0
12963,62,15,27,0
12964,62,15,27,0
12965,62,15,27,0
12966,62,15,27,0
12967,62,15,27,0
12968,62,15,27,0
12969,62,15,27,0
12970,62,15,27,0
12971,62,15,27,0
12972,62,15,27,0
12973,62,15,27,0
12974,62,15,27,0
12975,62,15,27,0
12976,62,15,27,0
12977,62,15,27,0
12978,62,15,27,0
12979,62,15,27,0
12980,62,15,27,0
12981,62,15,27,0
12982,62,15,27,0
12983,62,15,27,0
12984,62,15,27,0
12985,62,15,27,0
12986,62,15,27,0
12987,62,15,27,0
12988,62,15,27,0
12989,62,15,27,0
12990,62,15,27,0
12991,62,15,27,0
12992,62,15,27,0
12993,62,15,27,0
12994,62,15,27,0
12995,62,15,27,0
12996,62,15,27,0
12997,62,15,27,0
12998,62,15,27,0
12999,62,15,27,0
13000,62,15,27,0
13001,62,15,27,0
13002,62,15,27,0
13003,62,15,27,0
13004,62,15,27,0
13005,62,15,27,0
13006,62,15,27,0
13007,62,15,27,0
13008,62,15,27,0
13009,62,15,27,0
13010,62,15,27,0
13011,62,15,27,0
13012,62,15,27,0
13013,62,15,27,0
13014,62,15,27,0
13015,62,15,27,0
13016,62,15,27,0
13017,62,15,27,0
13018,62,15,27,0
13019,62,15,27,0
13020,62,15,27,0
13021,62,15,27,0
13022,62,15,27,0
13023,62,15,27,0
13024,62,15,27,0
13025,62,15,27,0
13026,62,15,27,0
13027,62,15,27,0
13028,62,15,27,0
13029,62,15,27,0
13030,62,15,27,0
13031,62,15,27,0
13032,62,15,27,0
13033,62,15,27,0
13034,62,15,27,0
13035,62,15,27,0
13036,62,15,27,0
13037,62,15,27,0
13038,62,15,27,0
13039,62,15,27,0
13040,62,15,27,0
13041,62,15,27,0
13042,62,15,27,0
13043,62,15,27,0
13044,62,15,27,0
13045,62,15,27,0
13046,62,15,27,0
13047,62,15,27,0
13048,62,15,27,0
13049,62,15,27,0
13050,62,15,27,0
13051,62,15,27,0
13052,62,15,27,0
13053,62,15,27,0
13054,62,15,27,0
13055,62,15,27,0
13056,62,15,27,0
13057,62,15,27,0
13058,62,15,27,0
13059,62,15,27,0
13060,62,15,27,0
13061,62,15,27,0
13062,62,15,27,0
13063,62,15,27,0
13064,62,15,27,0
13065,62,15,27,0
13066,62,15,27,0
13067,62,15,27,0
13068,62,15,27,0
13069,62,15,27,0
13070,62,15,27,0
13071,62,15,27,0
13072,62,15,27,0
13073,62,15,27,0
13074,62,15,27,0
13075,62,15,27,0
13076,62,15,27,0
13077,62,15,27,0
13078,62,15,27,0
13079,62,15,27,0
13080,62,15,27,0
13081,62,15,27,0
13082,62,15,27,0
13083,62,15,27,0
13084,62,15,27,0
13085,62,15,27,0
13086,62,15,27,0
13087,62,15,27,0
13088,62,15,27,0
13089,62,15,27,0
13090,62,15,27,0
13091,62,15,27,0
13092,62,15,27,0
13093,62,15,27,0
13094,62,15,27,0
13095,62,15,27,0
13096,62,15,27,0
13097,62,15,27,0
13098,62,15,27,0
13099,62,15,27,0
13100,62,15,27,0
13101,62,15,27,0
13102,62,15,27,0
13103,62,15,27,0
13104,62,15,27,0
13105,62,15,27,0
13106,62,15,27,0
13107,62,15,27,0
13108,62,15,27,0
13109,62,15,27,0
13110,62,15,27,0
13111,62,15,27,0
13112,62,15,27,0
13113,62,15,27,0
13114,62,15,27,0
13115,62,15,27,0
13116,62,15,27,0
13117,62,15,27,0
13118,62,15,27,0
13119,62,15,27,0
13120,62,15,27,0
13121,62,15,27,0
13122,62,15,27,0
13123,62,15,27,0
13124,62,15,27,0
13125,62,15,27,0
13126,62,15,27,0
13127,62,15,27,0
13128,62,15,27,0
13129,62,15,27,0
13130,62,15,27,0
13131,62,15,27,0
13132,62,15,27,0
13133,62,15,27,0
13134,62,15,27,0
13135,62,15,27,0
13136,62,15,27,0
13137,62,15,27,0
13138,62,15,27,0
13139,62,15,27,0
13140,62,15,27,0
13141,62,15,27,0
13142,62,15,27,0
13143,62,15,27,0
13144,62,15,27,0
13145,62,15,27,0
13146,62,15,27,0
13147,62,15,27,0
13148,62,15,27,0
13149,62,15,27,0
13150,62,15,27,0
13151,62,15,27,0
13152,62,15,27,0
13153,62,15,27,0
13154,62,15,27,0
13155,62,15,27,0
13156,62,15,27,0
13157,62,15,27,0
13158,62,15,27,0
13159,62,15,27,0
13160,62,15,27,0
13161,62,15,27,0
13162,62,15,27,0
13163,62,15,27,0
13164,62,15,27,0
13165,62,15,27,0
13166,62,15,27,0
13167,62,15,27,0
13168,62,15,27,0
13169,62,15,27,0
13170,62,15,27,0
13171,62,15,27,0
13172,62,15,27,0
13173,62,15,27,0
13174,62,15,27,0
13175,62,15,27,0
13176,62,15,27,0
13177,62,15,27,0
13178,62,15,27,0
13179,62,15,27,0
13180,62,15,27,0
13181,62,15,27,0
13182,62,15,27,0
13183,62,15,27,0
13184,62,15,27,0
13185,62,15,27,0
13186,62,15,27,0
13187,62,15,27,0
13188,62,15,27,0
13189,62,15,27,0
13190,62,15,27,0
13191,62,15,27,0
13192,62,15,27,0
13193,62,15,27,0
13194,62,15,27,0
13195,62,15,27,0
13196,62,15,27,0
13197,62,15,27,0
13198,62,15,27,0
13199,62,15,27,0
13200,62,15,27,0
13201,62,15,27,0
13202,62,15,27,0
13203,62,15,27,0
13204,62,15,27,0
13205,62,15,27,0
13206,62,15,27,0
13207,62,15,27,0
13208,62,15,27,0
13209,62,15,27,0
13210,62,15,27,0
13211,62,15,27,0
13212,62,15,27,0
13213,62,15,27,0
13214,62,15,27,0
13215,62,15,27,0
13216,62,15,27,0
13217,62,15,27,0
13218,62,15,27,0
13219,62,15,27,0
13220,62,15,27,0
13221,62,15,27,0
13222,62,15,27,0
13223,62,15,27,0
13224,62,15,27,0
13225,62,15,27,0
13226,62,15,27,0
13227,62,15,27,0
13228,62,15,27,0
13229,62,15,27,0
13230,62,15,27,0
13231,62,15,27,0
13232,62,15,27,0
13233,62,15,27,0
13234,62,15,27,0
13235,62,15,27,0
13236,62,15,27,0
13237,62,15,27,0
13238,62,15,27,0
13239,62,15,27,0
13240,62,15,27,0
13241,62,15,27,0
13242,62,15,27,0
13243,62,15,27,0
13244,62,15,27,0
13245,62,15,27,0
13246,62,15,27,0
13247,62,15,27,0
13248,62,15,27,0
13249,62,15,27,0
13250,62,15,27,0
13251,62,15,27,0
13252,62,15,27,0
13253,62,15,27,0
13254,62,15,27,0
13255,62,15,27,0
13256,62,15,27,0
13257,62,15,27,0
13258,62,15,27,0
13259,62,15,27,0
13260,62,15,27,0
13261,62,15,27,0
13262,62,15,27,0
13263,62,15,27,0
13264,62,15,27,0
13265,62,15,27,0
13266,62,15,27,0
13267,62,15,27,0
13268,62,15,27,0
13269,62,15,27,0
13270,62,15,27,0
13271,62,15,27,0
13272,62,15,27,0
13273,62,15,27,0
13274,62,15,27,0
13275,62,15,27,0
13276,62,15,27,0
13277,62,15,27,0
13278,62,15,27,0
13279,62,15,27,0
13280,62,15,27,0
13281,62,15,27,0
13282,62,15,27,0
13283,62,15,27,0
13284,62,15,27,0
13285,62,15,27,0
13286,62,15,27,0
13287,62,15,27,0
13288,62,15,27,0
13289,62,15,27,0
13290,62,15,27,0
13291,62,15,27,0
13292,62,15,27,0
13293,62,15,27,0
13294,62,15,27,0
13295,62,15,27,0
13296,62,15,27,0
13297,62,15,27,0
13298,62,15,27,0
13299,62,15,27,0
13300,62,15,27,0
13301,62,15,27,0
13302,62,15,27,0
13303,62,15,27,0
13304,62,15,27,0
13305,62,15,27,0
13306,62,15,27,0
13307,62,15,27,0
13308,62,15,27,0
13309,62,15,27,0
13310,62,15,27,0
13311,62,15,27,0
13312,62,15,27,0
13313,62,15,27,0
13314,62,15,27,0
13315,62,15,27,0
13316,62,15,27,0
13317,62,15,27,0
13318,62,15,27,0
13319,62,15,27,0
13320,62,15,27,0
13321,62,15,27,0
13322,62,15,27,0
13323,62,15,27,0
13324,62,15,27,0
13325,62,15,27,0
13326,62,15,27,0
13327,62,15,27,0
13328,62,15,27,0
13329,62,15,27,0
13330,62,15,27,0
13331,62,15,27,0
13332,62,15,27,0
13333,62,15,27,0
13334,62,15,27,0
13335,62,15,27,0
13336,62,15,27,0
13337,62,15,27,0
13338,62,15,27,0
13339,62,15,27,0
13340,62,15,27,0
13341,62,15,27,0
13342,62,15,27,0
13343,62,15,27,0
13344,62,15,27,0
13345,62,15,27,0
13346,62,15,27,0
13347,62,15,27,0
13348,62,15,27,0
13349,62,15,27,0
13350,62,15,27,0
13351,62,15,27,0
13352,62,15,27,0
13353,62,15,27,0
13354,62,15,27,0
13355,62,15,27,0
13356,62,15,27,0
13357,62,15,27,0
13358,62,15,27,0
13359,62,15,27,0
13360,62,15,27,0
13361,62,15,27,0
13362,62,15,27,0
13363,62,15,27,0
13364,62,15,27,0
13365,62,15,27,0
13366,62,15,27,0
13367,62,15,27,0
13368,62,15,27,0
13369,62,15,27,0
13370,62,15,27,0
13371,62,15,27,0
13372,62,15,27,0
13373,62,15,27,0
13374,62,15,27,0
13375,62,15,27,0
13376,62,15,27,0
13377,62,15,27,0
13378,62,15,27,0
13379,62,15,27,0
13380,62,15,27,0
13381,62,15,27,0
13382,62,15,27,0
13383,62,15,27,0
13384,62,15,27,0
13385,62,15,27,0
13386,62,15,27,0
13387,62,15,27,0
13388,62,15,27,0
13389,62,15,27,0
13390,62,15,27,0
13391,62,15,27,0
13392,62,15,27,0
13393,62,15,27,0
13394,62,15,27,0
13395,62,15,27,0
13396,62,15,27,0
13397,62,15,27,0
13398,62,15,27,0
13399,62,15,27,0
13400,62,15,27,0
13401,62,15,27,0
13402,62,15,27,0
13403,62,15,27,0
13404,62,15,27,0
13405,62,15,27,0
13406,62,15,27,0
13407,62,15,27,0
13408,62,15,27,0
13409,62,15,27,0
13410,62,15,27,0
13411,62,15,27,0
13412,62,15,27,0
13413,62,15,27,0
13414,62,15,27,0
13415,62,15,27,0
13416,62,15,27,0
13417,62,15,27,0
13418,62,15,27,0
13419,62,15,27,0
13420,62,15,27,0
13421,62,15,27,0
13422,62,15,27,0
13423,62,15,27,0
13424,62,15,27,0
13425,62,15,27,0
13426,62,15,27,0
13427,62,15,27,0
13428,62,15,27,0
13429,62,15,27,0
13430,62,15,27,0
13431,62,15,27,0
13432,62,15,27,0
13433,62,15,27,0
13434,62,15,27,0
13435,62,15,27,0
13436,62,15,27,0
13437,62,15,27,0
13438,62,15,27,0
13439,62,15,27,0
13440,62,15,27,0
13441,62,15,27,0
13442,62,15,27,0
13443,62,15,27,0
13444,62,15,27,0
13445,62,15,27,0
13446,62,15,27,0
13447,62,15,27,0
13448,62,15,27,0
13449,62,15,27,0
13450,62,15,27,0
13451,62,15,27,0
13452,62,15,27,0
13453,62,15,27,0
13454,62,15,27,0
13455,62,15,27,0
13456,62,15,27,0
13457,62,15,27,0
13458,62,15,27,0
13459,62,15,27,0
13460,62,15,27,0
13461,62,15,27,0
13462,62,15,27,0
13463,62,15,27,0
13464,62,15,27,0
13465,62,15,27,0
13466,62,15,27,0
13467,62,15,27,0
13468,62,15,27,0
13469,62,15,27,0
13470,62,15,27,0
13471,62,15,27,0
13472,62,15,27,0
13473,62,15,27,0
13474,62,15,27,0
13475,62,15,27,0
13476,62,15,27,0
13477,62,15,27,0
13478,62,15,27,0
13479,62,15,27,0
13480,62,15,27,0
13481,62,15,27,0
13482,62,15,27,0
13483,62,15,27,0
13484,62,15,27,0
13485,62,15,27,0
13486,62,15,27,0
13487,62,15,27,0
13488,62,15,27,0
13489,62,15,27,0
13490,62,15,27,0
13491,62,15,27,0
13492,62,15,27,0
13493,62,15,27,0
13494,62,15,27,0
13495,62,15,27,0
13496,62,15,27,0
13497,62,15,27,0
13498,62,15,27,0
13499,62,15,27,0
13500,62,15,27,0
13501,62,15,27,0
13502,62,15,27,0
13503,62,15,27,0
13504,62,15,27,0
13505,62,15,27,0
13506,62,15,27,0
13507,62,15,27,0
13508,62,15,27,0
13509,62,15,27,0
13510,62,15,27,0
13511,62,15,27,0
13512,62,15,27,0
13513,62,15,27,0
13514,62,15,27,0
13515,62,15,27,0
13516,62,15,27,0
13517,62,15,27,0
13518,62,15,27,0
13519,62,15,27,0
13520,62,15,27,0
13521,62,15,27,0
13522,62,15,27,0
13523,62,15,27,0
13524,62,15,27,0
13525,62,15,27,0
13526,62,15,27,0
13527,62,15,27,0
13528,62,15,27,0
13529,62,15,27,0
13530,62,15,27,0
13531,62,15,27,0
13532,62,15,27,0
13533,62,15,27,0
13534,62,15,27,0
13535,62,15,27,0
13536,62,15,27,0
13537,62,15,27,0
13538,62,15,27,0
13539,62,15,27,0
13540,62,15,27,0
13541,62,15,27,0
13542,62,15,27,0
13543,62,15,27,0
13544,62,15,27,0
13545,62,15,27,0
13546,62,15,27,0
13547,62,15,27,0
13548,62,15,27,0
13549,62,15,27,0
13550,62,15,27,0
13551,62,15,27,0
13552,62,15,27,0
13553,62,15,27,0
13554,62,15,27,0
13555,62,15,27,0
13556,62,15,27,0
13557,62,15,27,0
13558,62,15,27,0
13559,62,15,27,0
13560,62,15,27,0
13561,62,15,27,0
13562,62,15,27,0
13563,62,15,27,0
13564,62,15,27,0
13565,62,15,27,0
13566,62,15,27,0
13567,62,15,27,0
13568,62,15,27,0
13569,62,15,27,0
13570,62,15,27,0
13571,62,15,27,0
13572,62,15,27,0
13573,62,15,27,0
13574,62,15,27,0
13575,62,15,27,0
13576,62,15,27,0
13577,62,15,27,0
13578,62,15,27,0
13579,62,15,27,0
13580,62,15,27,0
13581,62,15,27,0
13582,62,15,27,0
13583,62,15,27,0
13584,62,15,27,0
13585,62,15,27,0
13586,62,15,27,0
13587,62,15,27,0
13588,62,15,27,0
13589,62,15,27,0
13590,62,15,27,0
13591,62,15,27,0
13592,62,15,27,0
13593,62,15,27,0
13594,62,15,27,0
13595,62,15,27,0
13596,62,15,27,0
13597,62,15,27,0
13598,62,15,27,0
13599,62,15,27,0
13600,62,15,27,0
13601,62,15,27,0
13602,62,15,27,0
13603,62,15,27,0
13604,62,15,27,0
13605,62,15,27,0
13606,62,15,27,0
13607,62,15,27,0
13608,62,15,27,0
13609,62,15,27,0
13610,62,15,27,0
13611,62,15,27,0
13612,62,15,27,0
13613,62,15,27,0
13614,62,15,27,0
13615,62,15,27,0
13616,62,15,27,0
13617,62,15,27,0
13618,62,15,27,0
13619,62,15,27,0
13620,62,15,27,0
13621,62,15,27,0
13622,62,15,27,0
13623,62,15,27,0
13624,62,15,27,0
13625,62,15,27,0
13626,62,15,27,0
13627,62,15,27,0
13628,62,15,27,0
13629,62,15,27,0
13630,62,15,27,0
13631,62,15,27,0
13632,62,15,27,0
13633,62,15,27,0
13634,62,15,27,0
13635,62,15,27,0
13636,62,15,27,0
13637,62,15,27,0
13638,62,15,27,0
13639,62,15,27,0
13640,62,15,27,0
13641,62,15,27,0
13642,62,15,27,0
13643,62,15,27,0
13644,62,15,27,0
13645,62,15,27,0
13646,62,15,27,0
13647,62,15,27,0
13648,62,15,27,0
13649,62,15,27,0
13650,62,15,27,0
13651,62,15,27,0
13652,62,15,27,0
13653,62,15,27,0
13654,62,15,27,0
13655,62,15,27,0
13656,62,15,27,0
13657,62,15,27,0
13658,62,15,27,0
13659,62,15,27,0
13660,62,15,27,0
13661,62,15,27,0
13662,62,15,27,0
13663,62,15,27,0
13664,62,15,27,0
13665,62,15,27,0
13666,62,15,27,0
13667,62,15,27,0
13668,62,15,27,0
13669,62,15,27,0
13670,62,15,27,0
13671,62,15,27,0
13672,62,15,27,0
13673,62,15,27,0
13674,62,15,27,0
13675,62,15,27,0
13676,62,15,27,0
13677,62,15,27,0
13678,62,15,27,0
13679,62,15,27,0
13680,62,15,27,0
13681,62,15,27,0
13682,62,15,27,0
13683,62,15,27,0
13684,62,15,27,0
13685,62,15,27,0
13686,62,15,27,0
13687,62,15,27,0
13688,62,15,27,0
13689,62,15,27,0
13690,62,15,27,0
13691,62,15,27,0
13692,62,15,27,0
13693,62,15,27,0
13694,62,15,27,0
13695,62,15,27,0
13696,62,15,27,0
13697,62,15,27,0
13698,62,15,27,0
13699,62,15,27,0
13700,62,15,27,0
13701,62,15,27,0
13702,62,15,27,0
13703,62,15,27,0
13704,62,15,27,0
13705,62,15,27,0
13706,62,15,27,0
13707,62,15,27,0
13708,62,15,27,0
13709,62,15,27,0
13710,62,15,27,0
13711,62,15,27,0
13712,62,15,27,0
13713,62,15,27,0
13714,62,15,27,0
13715,62,15,27,0
13716,62,15,27,0
13717,62,15,27,0
13718,62,15,27,0
13719,62,15,27,0
13720,62,15,27,0
13721,62,15,27,0
13722,62,15,27,0
13723,62,15,27,0
13724,62,15,27,0
13725,62,15,27,0
13726,62,15,27,0
13727,62,15,27,0
13728,62,15,27,0
13729,62,15,27,0
13730,62,15,27,0
13731,62,15,27,0
13732,62,15,27,0
13733,62,15,27,0
13734,62,15,27,0
13735,62,15,27,0
13736,62,15,27,0
13737,62,15,27,0
13738,62,15,27,0
13739,62,15,27,0
13740,62,15,27,0
13741,62,15,27,0
13742,62,15,27,0
13743,62,15,27,0
13744,62,15,27,0
13745,62,15,27,0
13746,62,15,27,0
13747,62,15,27,0
13748,62,15,27,0
13749,62,15,27,0
13750,62,15,27,0
13751,62,15,27,0
13752,62,15,27,0
13753,62,15,27,0
13754,62,15,27,0
13755,62,15,27,0
13756,62,15,27,0
13757,62,15,27,0
13758,62,15,27,0
13759,62,15,27,0
13760,62,15,27,0
13761,62,15,27,0
13762,62,15,27,0
13763,62,15,27,0
13764,62,15,27,0
13765,62,15,27,0
13766,62,15,27,0
13767,62,15,27,0
13768,62,15,27,0
13769,62,15,27,0
13770,62,15,27,0
13771,62,15,27,0
13772,62,15,27,0
13773,62,15,27,0
13774,62,15,27,0
13775,62,15,27,0
13776,62,15,27,0
13777,62,15,27,0
13778,62,15,27,0
13779,62,15,27,0
13780,62,15,27,0
13781,62,15,27,0
13782,62,15,27,0
13783,62,15,27,0
13784,62,15,27,0
13785,62,15,27,0
13786,62,15,27,0
13787,62,15,27,0
13788,62,15,27,0
13789,62,15,27,0
13790,62,15,27,0
13791,62,15,27,0
13792,62,15,27,0
13793,62,15,27,0
13794,62,15,27,0
13795,62,15,27,0
13796,62,15,27,0
13797,62,15,27,0
13798,62,15,27,0
13799,62,15,27,0
13800,62,15,27,0
13801,62,15,27,0
13802,62,15,27,0
13803,62,15,27,0
13804,62,15,27,0
13805,62,15,27,0
13806,62,15,27,0
13807,62,15,27,0
13808,62,15,27,0
13809,62,15,27,0
13810,62,15,27,0
13811,62,15,27,0
13812,62,15,27,0
13813,62,15,27,0
13814,62,15,27,0
13815,62,15,27,0
13816,62,15,27,0
13817,62,15,27,0
13818,62,15,27,0
13819,62,15,27,0
13820,62,15,27,0
13821,62,15,27,0
13822,62,15,27,0
13823,62,15,27,0
13824,62,15,27,0
13825,62,15,27,0
13826,62,15,27,0
13827,62,15,27,0
13828,62,15,27,0
13829,62,15,27,0
13830,62,15,27,0
13831,62,15,27,0
13832,62,15,27,0
13833,62,15,27,0
13834,62,15,27,0
13835,62,15,27,0
13836,62,15,27,0
13837,62,15,27,0
13838,62,15,27,0
13839,62,15,27,0
13840,62,15,27,0
13841,62,15,27,0
13842,62,15,27,0
13843,62,15,27,0
13844,62,15,27,0
13845,62,15,27,0
13846,62,15,27,0
13847,62,15,27,0
13848,62,15,27,0
13849,62,15,27,0
13850,62,15,27,0
13851,62,15,27,0
13852,62,15,27,0
13853,62,15,27,0
13854,62,15,27,0
13855,62,15,27,0
13856,62,15,27,0
13857,62,15,27,0
13858,62,15,27,0
13859,62,15,27,0
13860,62,15,27,0
13861,62,15,27,0
13862,62,15,27,0
13863,62,15,27,0
13864,62,15,27,0
13865,62,15,27,0
13866,62,15,27,0
13867,62,15,27,0
13868,62,15,27,0
13869,62,15,27,0
13870,62,15,27,0
13871,62,15,27,0
13872,62,15,27,0
13873,62,15,27,0
13874,62,15,27,0
13875,62,15,27,0
13876,62,15,27,0
13877,62,15,27,0
13878,62,15,27,0
13879,62,15,27,0
13880,62,15,27,0
13881,62,15,27,0
13882,62,15,27,0
13883,62,15,27,0
13884,62,15,27,0
13885,62,15,27,0
13886,62,15,27,0
13887,62,15,27,0
13888,62,15,27,0
13889,62,15,27,0
13890,62,15,27,0
13891,62,15,27,0
13892,62,15,27,0
13893,62,15,27,0
13894,62,15,27,0
13895,62,15,27,0
13896,62,15,27,0
13897,62,15,27,0
13898,62,15,27,0
13899,62,15,27,0
13900,62,15,27,0
13901,62,15,27,0
13902,62,15,27,0
13903,62,15,27,0
13904,62,15,27,0
13905,62,15,27,0
13906,62,15,27,0
13907,62,15,27,0
13908,62,15,27,0
13909,62,15,27,0
13910,62,15,27,0
13911,62,15,27,0
13912,62,15,27,0
13913,62,15,27,0
13914,62,15,27,0
13915,62,15,27,0
13916,62,15,27,0
13917,62,15,27,0
13918,62,15,27,0
13919,62,15,27,0
13920,62,15,27,0
13921,62,15,27,0
13922,62,15,27,0
13923,62,15,27,0
13924,62,15,27,0
13925,62,15,27,0
13926,62,15,27,0
13927,62,15,27,0
13928,62,15,27,0
13929,62,15,27,0
13930,62,15,27,0
13931,62,15,27,0
13932,62,15,27,0
13933,62,15,27,0
13934,62,15,27,0
13935,62,15,27,0
13936,62,15,27,0
13937,62,15,27,0
13938,62,15,27,0
13939,62,15,27,0
13940,62,15,27,0
13941,62,15,27,0
13942,62,15,27,0
13943,62,15,27,0
13944,62,15,27,0
13945,62,15,27,0
13946,62,15,27,0
13947,62,15,27,0
13948,62,15,27,0
13949,62,15,27,0
13950,62,15,27,0
13951,62,15,27,0
13952,62,15,27,0
13953,62,15,27,0
13954,62,15,27,0
13955,62,15,27,0
13956,62,15,27,0
13957,62,15,27,0
13958,62,15,27,0
13959,62,15,27,0
13960,62,15,27,0
13961,62,15,27,0
13962,62,15,27,0
13963,62,15,27,0
13964,62,15,27,0
13965,62,15,27,0
13966,62,15,27,0
13967,62,15,27,0
13968,62,15,27,0
13969,62,15,27,0
13970,62,15,27,0
13971,62,15,27,0
13972,62,15,27,0
13973,62,15,27,0
13974,62,15,27,0
13975,62,15,27,0
13976,62,15,27,0
13977,62,15,27,0
13978,62,15,27,0
13979,62,15,27,0
13980,62,15,27,0
13981,62,15,27,0
13982,62,15,27,0
13983,62,15,27,0
13984,62,15,27,0
13985,62,15,27,0
13986,62,15,27,0
13987,62,15,27,0
13988,62,15,27,0
13989,62,15,27,0
13990,62,15,27,0
13991,62,15,27,0
13992,62,15,27,0
13993,62,15,27,0
13994,62,15,27,0
13995,62,15,27,0
13996,62,15,27,0
13997,62,15,27,0
13998,62,15,27,0
13999,62,15,27,0
14000,62,15,27,0
14001,62,15,27,0
14002,62,15,27,0
14003,62,15,27,0
14004,62,15,27,0
14005,62,15,27,0
14006,62,15,27,0
14007,62,15,27,0
14008,62,15,27,0
14009,62,15,27,0
14010,62,15,27,0
14011,62,15,27,0
14012,62,15,27,0
14013,62,15,27,0
14014,62,15,27,0
14015,62,15,27,0
14016,62,15,27,0
14017,62,15,27,0
14018,62,15,27,0
14019,62,15,27,0
14020,62,15,27,0
14021,62,15,27,0
14022,62,15,27,0
14023,62,15,27,0
14024,62,15,27,0
14025,62,15,27,0
14026,62,15,27,0
14027,62,15,27,0
14028,62,15,27,0
14029,62,15,27,0
14030,62,15,27,0
14031,62,15,27,0
14032,62,15,27,0
14033,62,15,27,0
14034,62,15,27,0
14035,62,15,27,0
14036,62,15,27,0
14037,62,15,27,0
14038,62,15,27,0
14039,62,15,27,0
14040,62,15,27,0
14041,62,15,27,0
14042,62,15,27,0
14043,62,15,27,0
14044,62,15,27,0
14045,62,15,27,0
14046,62,15,27,0
14047,62,15,27,0
14048,62,15,27,0
14049,62,15,27,0
14050,62,15,27,0
14051,62,15,27,0
14052,62,15,27,0
14053,62,15,27,0
14054,62,15,27,0
14055,62,15,27,0
14056,62,15,27,0
14057,62,15,27,0
14058,62,15,27,0
14059,62,15,27,0
14060,62,15,27,0
14061,62,15,27,0
14062,62,15,27,0
14063,62,15,27,0
14064,62,15,27,0
14065,62,15,27,0
14066,62,15,27,0
14067,62,15,27,0
14068,62,15,27,0
14069,62,15,27,0
14070,62,15,27,0
14071,62,15,27,0
14072,62,15,27,0
14073,62,15,27,0
14074,62,15,27,0
14075,62,15,27,0
14076,62,15,27,0
14077,62,15,27,0
14078,62,15,27,0
14079,62,15,27,0
14080,62,15,27,0
14081,62,15,27,0
14082,62,15,27,0
14083,62,15,27,0
14084,62,15,27,0
14085,62,15,27,0
14086,62,15,27,0
14087,62,15,27,0
14088,62,15,27,0
14089,62,15,27,0
14090,62,15,27,0
14091,62,15,27,0
14092,62,15,27,0
14093,62,15,27,0
14094,62,15,27,0
14095,62,15,27,0
14096,62,15,27,0
14097,62,15,27,0
14098,62,15,27,0
14099,62,15,27,0
14100,62,15,27,0
14101,62,15,27,0
14102,62,15,27,0
14103,62,15,27,0
14104,62,15,27,0
14105,62,15,27,0
14106,62,15,27,0
14107,62,15,27,0
14108,62,15,27,0
14109,62,15,27,0
14110,62,15,27,0
14111,62,15,27,0
14112,62,15,27,0
14113,62,15,27,0
14114,62,15,27,0
14115,62,15,27,0
14116,62,15,27,0
14117,62,15,27,0
14118,62,15,27,0
14119,62,15,27,0
14120,62,15,27,0
14121,62,15,27,0
14122,62,15,27,0
14123,62,15,27,0
14124,62,15,27,0
14125,62,15,27,0
14126,62,15,27,0
14127,62,15,27,0
14128,62,15,27,0
14129,62,15,27,0
14130,62,15,27,0
14131,62,15,27,0
14132,62,15,27,0
14133,62,15,27,0
14134,62,15,27,0
14135,62,15,27,0
14136,62,15,27,0
14137,62,15,27,0
14138,62,15,27,0
14139,62,15,27,0
14140,62,15,27,0
14141,62,15,27,0
14142,62,15,27,0
14143,62,15,27,0
14144,62,15,27,0
14145,62,15,27,0
14146,62,15,27,0
14147,62,15,27,0
14148,62,15,27,0
14149,62,15,27,0
14150,62,15,27,0
14151,62,15,27,0
14152,62,15,27,0
14153,62,15,27,0
14154,62,15,27,0
14155,62,15,27,0
14156,62,15,27,0
14157,62,15,27,0
14158,62,15,27,0
14159,62,15,27,0
14160,62,15,27,0
14161,62,15,27,0
14162,62,15,27,0
14163,62,15,27,0
14164,62,15,27,0
14165,62,15,27,0
14166,62,15,27,0
14167,62,15,27,0
14168,62,15,27,0
14169,62,15,27,0
14170,62,15,27,0
14171,62,15,27,0
14172,62,15,27,0
14173,62,15,27,0
14174,62,15,27,0
14175,62,15,27,0
14176,62,15,27,0
14177,62,15,27,0
14178,62,15,27,0
14179,62,15,27,0
14180,62,15,27,0
14181,62,15,27,0
14182,62,15,27,0
14183,62,15,27,0
14184,62,15,27,0
14185,62,15,27,0
14186,62,15,27,0
14187,62,15,27,0
14188,62,15,27,0
14189,62,15,27,0
14190,62,15,27,0
14191,62,15,27,0
14192,62,15,27,0
14193,62,15,27,0
14194,62,15,27,0
14195,62,15,27,0
14196,62,15,27,0
14197,62,15,27,0
14198,62,15,27,0
14199,62,15,27,0
14200,62,15,27,0
14201,62,15,27,0
14202,62,15,27,0
14203,62,15,27,0
14204,62,15,27,0
14205,62,15,27,0
14206,62,15,27,0
14207,62,15,27,0
14208,62,15,27,0
14209,62,15,27,0
14210,62,15,27,0
14211,62,15,27,0
14212,62,15,27,0
14213,62,15,27,0
14214,62,15,27,0
14215,62,15,27,0
14216,62,15,27,0
14217,62,15,27,0
14218,62,15,27,0
14219,62,15,27,0
14220,62,15,27,0
14221,62,15,27,0
14222,62,15,27,0
14223,62,15,27,0
14224,62,15,27,0
14225,62,15,27,0
14226,62,15,27,0
14227,62,15,27,0
14228,62,15,27,0
14229,62,15,27,0
14230,62,15,27,0
14231,62,15,27,0
14232,62,15,27,0
14233,62,15,27,0
14234,62,15,27,0
14235,62,15,27,0
14236,62,15,27,0
14237,62,15,27,0
14238,62,15,27,0
14239,62,15,27,0
14240,62,15,27,0
14241,62,15,27,0
14242,62,15,27,0
14243,62,15,27,0
14244,62,15,27,0
14245,62,15,27,0
14246,62,15,27,0
14247,62,15,27,0
14248,62,15,27,0
14249,62,15,27,0
14250,62,15,27,0
14251,62,15,27,0
14252,62,15,27,0
14253,62,15,27,0
14254,62,15,27,0
14255,62,15,27,0
14256,62,15,27,0
14257,62,15,27,0
14258,62,15,27,0
14259,62,15,27,0
14260,62,15,27,0
14261,62,15,27,0
14262,62,15,27,0
14263,62,15,27,0
14264,62,15,27,0
14265,62,15,27,0
14266,62,15,27,0
14267,62,15,27,0
14268,62,15,27,0
14269,62,15,27,0
14270,62,15,27,0
14271,62,15,27,0
14272,62,15,27,0
14273,62,15,27,0
14274,62,15,27,0
14275,62,15,27,0
14276,62,15,27,0
14277,62,15,27,0
14278,62,15,27,0
14279,62,15,27,0
14280,62,15,27,0
14281,62,15,27,0
14282,62,15,27,0
14283,62,15,27,0
14284,62,15,27,0
14285,62,15,27,0
14286,62,15,27,0
14287,62,15,27,0
14288,62,15,27,0
14289,62,15,27,0
14290,62,15,27,0
14291,62,15,27,0
14292,62,15,27,0
14293,62,15,27,0
14294,62,15,27,0
14295,62,15,27,0
14296,62,15,27,0
14297,62,15,27,0
14298,62,15,27,0
14299,62,15,27,0
14300,62,15,27,0
14301,62,15,27,0
14302,62,15,27,0
14303,62,15,27,0
14304,62,15,27,0
14305,62,15,27,0
14306,62,15,27,0
14307,62,15,27,0
14308,62,15,27,0
14309,62,15,27,0
14310,62,15,27,0
14311,62,15,27,0
14312,62,15,27,0
14313,62,15,27,0
14314,62,15,27,0
14315,62,15,27,0
14316,62,15,27,0
14317,62,15,27,0
14318,62,15,27,0
14319,62,15,27,0
14320,62,15,27,0
14321,62,15,27,0
14322,62,15,27,0
14323,62,15,27,0
14324,62,15,27,0
14325,62,15,27,0
14326,62,15,27,0
14327,62,15,27,0
14328,62,15,27,0
14329,62,15,27,0
14330,62,15,27,0
14331,62,15,27,0
14332,62,15,27,0
14333,62,15,27,0
14334,62,15,27,0
14335,62,15,27,0
14336,62,15,27,0
14337,62,15,27,0
14338,62,15,27,0
14339,62,15,27,0
14340,62,15,27,0
14341,62,15,27,0
14342,62,15,27,0
14343,62,15,27,0
14344,62,15,27,0
14345,62,15,27,0
14346,62,15,27,0
14347,62,15,27,0
14348,62,15,27,0
14349,62,15,27,0
14350,62,15,27,0
14351,62,15,27,0
14352,62,15,27,0
14353,62,15,27,0
14354,62,15,27,0
14355,62,15,27,0
14356,62,15,27,0
14357,62,15,27,0
14358,62,15,27,0
14359,62,15,27,0
14360,62,15,27,0
14361,62,15,27,0
14362,62,15,27,0
14363,62,15,27,0
14364,62,15,27,0
14365,62,15,27,0
14366,62,15,27,0
14367,62,15,27,0
14368,62,15,27,0
14369,62,15,27,0
14370,62,15,27,0
14371,62,15,27,0
14372,62,15,27,0
14373,62,15,27,0
14374,62,15,27,0
14375,62,15,27,0
14376,62,15,27,0
14377,62,15,27,0
14378,62,15,27,0
14379,62,15,27,0
14380,62,15,27,0
14381,62,15,27,0
14382,62,15,27,0
14383,62,15,27,0
14384,62,15,27,0
14385,62,15,27,0
14386,62,15,27,0
14387,62,15,27,0
14388,62,15,27,0
14389,62,15,27,0
14390,62,15,27,0
14391,62,15,27,0
14392,62,15,27,0
14393,62,15,27,0
14394,62,15,27,0
14395,62,15,27,0
14396,62,15,27,0
14397,62,15,27,0
14398,62,15,27,0
14399,62,15,27,0
14400,62,15,27,0
14401,62,15,27,0
14402,62,15,27,0
14403,62,15,27,0
14404,62,15,27,0
14405,62,15,27,0
14406,62,15,27,0
14407,62,15,27,0
14408,62,15,27,0
14409,62,15,27,0
14410,62,15,27,0
14411,62,15,27,0
14412,62,15,27,0
14413,62,15,27,0
14414,62,15,27,0
14415,62,15,27,0
14416,62,15,27,0
14417,62,15,27,0
14418,62,15,27,0
14419,62,15,27,0
14420,62,15,27,0
14421,62,15,27,0
14422,62,15,27,0
14423,62,15,27,0
14424,62,15,27,0
14425,62,15,27,0
14426,62,15,27,0
14427,62,15,27,0
14428,62,15,27,0
14429,62,15,27,0
14430,62,15,27,0
14431,62,15,27,0
14432,62,15,27,0
14433,62,15,27,0
14434,62,15,27,0
14435,62,15,27,0
14436,62,15,27,0
14437,62,15,27,0
14438,62,15,27,0
14439,62,15,27,0
14440,62,15,27,0
14441,62,15,27,0
14442,62,15,27,0
14443,62,15,27,0
14444,62,15,27,0
14445,62,15,27,0
14446,62,15,27,0
14447,62,15,27,0
14448,62,15,27,0
14449,62,15,27,0
14450,62,15,27,0
14451,62,15,27,0
14452,62,15,27,0
14453,62,15,27,0
14454,62,15,27,0
14455,62,15,27,0
14456,62,15,27,0
14457,62,15,27,0
14458,62,15,27,0
14459,62,15,27,0
14460,62,15,27,0
14461,62,15,27,0
14462,62,15,27,0
14463,62,15,27,0
14464,62,15,27,0
14465,62,15,27,0
14466,62,15,27,0
14467,62,15,27,0
14468,62,15,27,0
14469,62,15,27,0
14470,62,15,27,0
14471,62,15,27,0
14472,62,15,27,0
14473,62,15,27,0
14474,62,15,27,0
14475,62,15,27,0
14476,62,15,27,0
14477,62,15,27,0
14478,62,15,27,0
14479,62,15,27,0
14480,62,15,27,0
14481,62,15,27,0
14482,62,15,27,0
14483,62,15,27,0
14484,62,15,27,0
14485,62,15,27,0
14486,62,15,27,0
14487,62,15,27,0
14488,62,15,27,0
14489,62,15,27,0
14490,62,15,27,0
14491,62,15,27,0
14492,62,15,27,0
14493,62,15,27,0
14494,62,15,27,0
14495,62,15,27,0
14496,62,15,27,0
14497,62,15,27,0
14498,62,15,27,0
14499,62,15,27,0
14500,62,15,27,0
14501,62,15,27,0
14502,62,15,27,0
14503,62,15,27,0
14504,62,15,27,0
14505,62,15,27,0
14506,62,15,27,0
14507,62,15,27,0
14508,62,15,27,0
14509,62,15,27,0
14510,62,15,27,0
14511,62,15,27,0
14512,62,15,27,0
14513,62,15,27,0
14514,62,15,27,0
14515,62,15,27,0
14516,62,15,27,0
14517,62,15,27,0
14518,62,15,27,0
14519,62,15,27,0
14520,62,15,27,0
14521,62,15,27,0
14522,62,15,27,0
14523,62,15,27,0
14524,62,15,27,0
14525,62,15,27,0
14526,62,15,27,0
14527,62,15,27,0
14528,62,15,27,0
14529,62,15,27,0
14530,62,15,27,0
14531,62,15,27,0
14532,62,15,27,0
14533,62,15,27,0
14534,62,15,27,0
14535,62,15,27,0
14536,62,15,27,0
14537,62,15,27,0
14538,62,15,27,0
14539,62,15,27,0
14540,62,15,27,0
14541,62,15,27,0
14542,62,15,27,0
14543,62,15,27,0
14544,62,15,27,0
14545,62,15,27,0
14546,62,15,27,0
14547,62,15,27,0
14548,62,15,27,0
14549,62,15,27,0
14550,62,15,27,0
14551,62,15,27,0
14552,62,15,27,0
14553,62,15,27,0
14554,62,15,27,0
14555,62,15,27,0
14556,62,15,27,0
14557,62,15,27,0
14558,62,15,27,0
14559,62,15,27,0
14560,62,15,27,0
14561,62,15,27,0
14562,62,15,27,0
14563,62,15,27,0
14564,62,15,27,0
14565,62,15,27,0
14566,62,15,27,0
14567,62,15,27,0
14568,62,15,27,0
14569,62,15,27,0
14570,62,15,27,0
14571,62,15,27,0
14572,62,15,27,0
14573,62,15,27,0
14574,62,15,27,0
14575,62,15,27,0
14576,62,15,27,0
14577,62,15,27,0
14578,62,15,27,0
14579,62,15,27,0
14580,62,15,27,0
14581,62,15,27,0
14582,62,15,27,0
14583,62,15,27,0
14584,62,15,27,0
14585,62,15,27,0
14586,62,15,27,0
14587,62,15,27,0
14588,62,15,27,0
14589,62,15,27,0
14590,62,15,27,0
14591,62,15,27,0
14592,62,15,27,0
14593,62,15,27,0
14594,62,15,27,0
14595,62,15,27,0
14596,62,15,27,0
14597,62,15,27,0
14598,62,15,27,0
14599,62,15,27,0
14600,62,15,27,0
14601,62,15,27,0
14602,62,15,27,0
14603,62,15,27,0
14604,62,15,27,0
14605,62,15,27,0
14606,62,15,27,0
14607,62,15,27,0
14608,62,15,27,0
14609,62,15,27,0
14610,62,15,27,0
14611,62,15,27,0
14612,62,15,27,0
14613,62,15,27,0
14614,62,15,27,0
14615,62,15,27,0
14616,62,15,27,0
14617,62,15,27,0
14618,62,15,27,0
14619,62,15,27,0
14620,62,15,27,0
14621,62,15,27,0
14622,62,15,27,0
14623,62,15,27,0
14624,62,15,27,0
14625,62,15,27,0
14626,62,15,27,0
14627,62,15,27,0
14628,62,15,27,0
14629,62,15,27,0
14630,62,15,27,0
14631,62,15,27,0
14632,62,15,27,0
14633,62,15,27,0
14634,62,15,27,0
14635,62,15,27,0
14636,62,15,27,0
14637,62,15,27,0
14638,62,15,27,0
14639,62,15,27,0
14640,62,15,27,0
14641,62,15,27,0
14642,62,15,27,0
14643,62,15,27,0
14644,62,15,27,0
14645,62,15,27,0
14646,62,15,27,0
14647,62,15,27,0
14648,62,15,27,0
14649,62,15,27,0
14650,62,15,27,0
14651,62,15,27,0
14652,62,15,27,0
14653,62,15,27,0
14654,62,15,27,0
14655,62,15,27,0
14656,62,15,27,0
14657,62,15,27,0
14658,62,15,27,0
14659,62,15,27,0
14660,62,15,27,0
14661,62,15,27,0
14662,62,15,27,0
14663,62,15,27,0
14664,62,15,27,0
14665,62,15,27,0
14666,62,15,27,0
14667,62,15,27,0
14668,62,15,27,0
14669,62,15,27,0
14670,62,15,27,0
14671,62,15,27,0
14672,62,15,27,0
14673,62,15,27,0
14674,62,15,27,0
14675,62,15,27,0
14676,62,15,27,0
14677,62,15,27,0
14678,62,15,27,0
14679,62,15,27,0
14680,62,15,27,0
14681,62,15,27,0
14682,62,15,27,0
14683,62,15,27,0
14684,62,15,27,0
14685,62,15,27,0
14686,62,15,27,0
14687,62,15,27,0
14688,62,15,27,0
14689,62,15,27,0
14690,62,15,27,0
14691,62,15,27,0
14692,62,15,27,0
14693,62,15,27,0
14694,62,15,27,0
14695,62,15,27,0
14696,62,15,27,0
14697,62,15,27,0
14698,62,15,27,0
14699,62,15,27,0
14700,62,15,27,0
14701,62,15,27,0
14702,62,15,27,0
14703,62,15,27,0
14704,62,15,27,0
14705,62,15,27,0
14706,62,15,27,0
14707,62,15,27,0
14708,62,15,27,0
14709,62,15,27,0
14710,62,15,27,0
14711,62,15,27,0
14712,62,15,27,0
14713,62,15,27,0
14714,62,15,27,0
14715,62,15,27,0
14716,62,15,27,0
14717,62,15,27,0
14718,62,15,27,0
14719,62,15,27,0
14720,62,15,27,0
14721,62,15,27,0
14722,62,15,27,0
14723,62,15,27,0
14724,62,15,27,0
14725,62,15,27,0
14726,62,15,27,0
14727,62,15,27,0
14728,62,15,27,0
14729,62,15,27,0
14730,62,15,27,0
14731,62,15,27,0
14732,62,15,27,0
14733,62,15,27,0
14734,62,15,27,0
14735,62,15,27,0
14736,62,15,27,0
14737,62,15,27,0
14738,62,15,27,0
14739,62,15,27,0
14740,62,15,27,0
14741,62,15,27,0
14742,62,15,27,0
14743,62,15,27,0
14744,62,15,27,0
14745,62,15,27,0
14746,62,15,27,0
14747,62,15,27,0
14748,62,15,27,0
14749,62,15,27,0
14750,62,15,27,0
14751,62,15,27,0
14752,62,15,27,0
14753,62,15,27,0
14754,62,15,27,0
14755,62,15,27,0
14756,62,15,27,0
14757,62,15,27,0
14758,62,15,27,0
14759,62,15,27,0
14760,62,15,27,0
14761,62,15,27,0
14762,62,15,27,0
14763,62,15,27,0
14764,62,15,27,0
14765,62,15,27,0
14766,62,15,27,0
14767,62,15,27,0
14768,62,15,27,0
14769,62,15,27,0
14770,62,15,27,0
14771,62,15,27,0
14772,62,15,27,0
14773,62,15,27,0
14774,62,15,27,0
14775,62,15,27,0
14776,62,15,27,0
14777,62,15,27,0
14778,62,15,27,0
14779,62,15,27,0
14780,62,15,27,0
14781,62,15,27,0
14782,62,15,27,0
14783,62,15,27,0
14784,62,15,27,0
14785,62,15,27,0
14786,62,15,27,0
14787,62,15,27,0
14788,62,15,27,0
14789,62,15,27,0
14790,62,15,27,0
14791,62,15,27,0
14792,62,15,27,0
14793,62,15,27,0
14794,62,15,27,0
14795,62,15,27,0
14796,62,15,27,0
14797,62,15,27,0
14798,62,15,27,0
14799,62,15,27,0
14800,62,15,27,0
14801,62,15,27,0
14802,62,15,27,0
14803,62,15,27,0
14804,62,15,27,0
14805,62,15,27,0
14806,62,15,27,0
14807,62,15,27,0
14808,62,15,27,0
14809,62,15,27,0
14810,62,15,27,0
14811,62,15,27,0
14812,62,15,27,0
14813,62,15,27,0
14814,62,15,27,0
14815,62,15,27,0
14816,62,15,27,0
14817,62,15,27,0
14818,62,15,27,0
14819,62,15,27,0
14820,62,15,27,0
14821,62,15,27,0
14822,62,15,27,0
14823,62,15,27,0
14824,62,15,27,0
14825,62,15,27,0
14826,62,15,27,0
14827,62,15,27,0
14828,62,15,27,0
14829,62,15,27,0
14830,62,15,27,0
14831,62,15,27,0
14832,62,15,27,0
14833,62,15,27,0
14834,62,15,27,0
14835,62,15,27,0
14836,62,15,27,0
14837,62,15,27,0
14838,62,15,27,0
14839,62,15,27,0
14840,62,15,27,0
14841,62,15,27,0
14842,62,15,27,0
14843,62,15,27,0
14844,62,15,27,0
14845,62,15,27,0
14846,62,15,27,0
14847,62,15,27,0
14848,62,15,27,0
14849,62,15,27,0
14850,62,15,27,0
14851,62,15,27,0
14852,62,15,27,0
14853,62,15,27,0
14854,62,15,27,0
14855,62,15,27,0
14856,62,15,27,0
14857,62,15,27,0
14858,62,15,27,0
14859,62,15,27,0
14860,62,15,27,0
14861,62,15,27,0
14862,62,15,27,0
14863,62,15,27,0
14864,62,15,27,0
14865,62,15,27,0
14866,62,15,27,0
14867,62,15,27,0
14868,62,15,27,0
14869,62,15,27,0
14870,62,15,27,0
14871,62,15,27,0
14872,62,15,27,0
14873,62,15,27,0
14874,62,15,27,0
14875,62,15,27,0
14876,62,15,27,0
14877,62,15,27,0
14878,62,15,27,0
14879,62,15,27,0
14880,62,15,27,0
14881,62,15,27,0
14882,62,15,27,0
14883,62,15,27,0
14884,62,15,27,0
14885,62,15,27,0
14886,62,15,27,0
14887,62,15,27,0
14888,62,15,27,0
14889,62,15,27,0
14890,62,15,27,0
14891,62,15,27,0
14892,62,15,27,0
14893,62,15,27,0
14894,62,15,27,0
14895,62,15,27,0
14896,62,15,27,0
14897,62,15,27,0
14898,62,15,27,0
14899,62,15,27,0
14900,62,15,27,0
14901,62,15,27,0
14902,62,15,27,0
14903,62,15,27,0
14904,62,15,27,0
14905,62,15,27,0
14906,62,15,27,0
14907,62,15,27,0
14908,62,15,27,0
14909,62,15,27,0
14910,62,15,27,0
14911,62,15,27,0
14912,62,15,27,0
14913,62,15,27,0
14914,62,15,27,0
14915,62,15,27,0
14916,62,15,27,0
14917,62,15,27,0
14918,62,15,27,0
14919,62,15,27,0
14920,62,15,27,0
14921,62,15,27,0
14922,62,15,27,0
14923,62,15,27,0
14924,62,15,27,0
14925,62,15,27,0
14926,62,15,27,0
14927,62,15,27,0
14928,62,15,27,0
14929,62,15,27,0
14930,62,15,27,0
14931,62,15,27,0
14932,62,15,27,0
14933,62,15,27,0
14934,62,15,27,0
14935,62,15,27,0
14936,62,15,27,0
14937,62,15,27,0
14938,62,15,27,0
14939,62,15,27,0
14940,62,15,27,0
14941,62,15,27,0
14942,62,15,27,0
14943,62,15,27,0
14944,62,15,27,0
14945,62,15,27,0
14946,62,15,27,0
14947,62,15,27,0
14948,62,15,27,0
14949,62,15,27,0
14950,62,15,27,0
14951,62,15,27,0
14952,62,15,27,0
14953,62,15,27,0
14954,62,15,27,0
14955,62,15,27,0
14956,62,15,27,0
14957,62,15,27,0
14958,62,15,27,0
14959,62,15,27,0
14960,62,15,27,0
14961,62,15,27,0
14962,62,15,27,0
14963,62,15,27,0
14964,62,15,27,0
14965,62,15,27,0
14966,62,15,27,0
14967,62,15,27,0
14968,62,15,27,0
14969,62,15,27,0
14970,62,15,27,0
14971,62,15,27,0
14972,62,15,27,0
14973,62,15,27,0
14974,62,15,27,0
14975,62,15,27,0
14976,62,15,27,0
14977,62,15,27,0
14978,62,15,27,0
14979,62,15,27,0
14980,62,15,27,0
14981,62,15,27,0
14982,62,15,27,0
14983,62,15,27,0
14984,62,15,27,0
14985,62,15,27,0
14986,62,15,27,0
14987,62,15,27,0
14988,62,15,27,0
14989,62,15,27,0
14990,62,15,27,0
14991,62,15,27,0
14992,62,15,27,0
14993,62,15,27,0
14994,62,15,27,0
14995,62,15,27,0
14996,62,15,27,0
14997,62,15,27,0
14998,62,15,27,0
14999,62,15,27,0
15000,62,15,27,0
15001,62,15,27,0
15002,62,15,27,0
15003,62,15,27,0
15004,62,15,27,0
15005,62,15,27,0
15006,62,15,27,0
15007,62,15,27,0
15008,62,15,27,0
15009,62,15,27,0
15010,62,15,27,0
15011,62,15,27,0
15012,62,15,27,0
15013,62,15,27,0
15014,62,15,27,0
15015,62,15,27,0
15016,62,15,27,0
15017,62,15,27,0
15018,62,15,27,0
15019,62,15,27,0
15020,62,15,27,0
15021,62,15,27,0
15022,62,15,27,0
15023,62,15,27,0
15024,62,15,27,0
15025,62,15,27,0
15026,62,15,27,0
15027,62,15,27,0
15028,62,15,27,0
15029,62,15,27,0
15030,62,15,27,0
15031,62,15,27,0
15032,62,15,27,0
15033,62,15,27,0
15034,62,15,27,0
15035,62,15,27,0
15036,62,15,27,0
15037,62,15,27,0
15038,62,15,27,0
15039,62,15,27,0
15040,62,15,27,0
15041,62,15,27,0
15042,62,15,27,0
15043,62,15,27,0
15044,62,15,27,0
15045,62,15,27,0
15046,62,15,27,0
15047,62,15,27,0
15048,62,15,27,0
15049,62,15,27,0
15050,62,15,27,0
15051,62,15,27,0
15052,62,15,27,0
15053,62,15,27,0
15054,62,15,27,0
15055,62,15,27,0
15056,62,15,27,0
15057,62,15,27,0
15058,62,15,27,0
15059,62,15,27,0
15060,62,15,27,0
15061,62,15,27,0
15062,62,15,27,0
15063,62,15,27,0
15064,62,15,27,0
15065,62,15,27,0
15066,62,15,27,0
15067,62,15,27,0
15068,62,15,27,0
15069,62,15,27,0
15070,62,15,27,0
15071,62,15,27,0
15072,62,15,27,0
15073,62,15,27,0
15074,62,15,27,0
15075,62,15,27,0
15076,62,15,27,0
15077,62,15,27,0
15078,62,15,27,0
15079,62,15,27,0
15080,62,15,27,0
15081,62,15,27,0
15082,62,15,27,0
15083,62,15,27,0
15084,62,15,27,0
15085,62,15,27,0
15086,62,15,27,0
15087,62,15,27,0
15088,62,15,27,0
15089,62,15,27,0
15090,62,15,27,0
15091,62,15,27,0
15092,62,15,27,0
15093,62,15,27,0
15094,62,15,27,0
15095,62,15,27,0
15096,62,15,27,0
15097,62,15,27,0
15098,62,15,27,0
15099,62,15,27,0
15100,62,15,27,0
15101,62,15,27,0
15102,62,15,27,0
15103,62,15,27,0
15104,62,15,27,0
15105,62,15,27,0
15106,62,15,27,0
15107,62,15,27,0
15108,62,15,27,0
15109,62,15,27,0
15110,62,15,27,0
15111,62,15,27,0
15112,62,15,27,0
15113,62,15,27,0
15114,62,15,27,0
15115,62,15,27,0
15116,62,15,27,0
15117,62,15,27,0
15118,62,15,27,0
15119,62,15,27,0
15120,62,15,27,0
15121,62,15,27,0
15122,62,15,27,0
15123,62,15,27,0
15124,62,15,27,0
15125,62,15,27,0
15126,62,15,27,0
15127,62,15,27,0
15128,62,15,27,0
15129,62,15,27,0
15130,62,15,27,0
15131,62,15,27,0
15132,62,15,27,0
15133,62,15,27,0
15134,62,15,27,0
15135,62,15,27,0
15136,62,15,27,0
15137,62,15,27,0
15138,62,15,27,0
15139,62,15,27,0
15140,62,15,27,0
15141,62,15,27,0
15142,62,15,27,0
15143,62,15,27,0
15144,62,15,27,0
15145,62,15,27,0
15146,62,15,27,0
15147,62,15,27,0
15148,62,15,27,0
15149,62,15,27,0
15150,62,15,27,0
15151,62,15,27,0
15152,62,15,27,0
15153,62,15,27,0
15154,62,15,27,0
15155,62,15,27,0
15156,62,15,27,0
15157,62,15,27,0
15158,62,15,27,0
15159,62,15,27,0
15160,62,15,27,0
15161,62,15,27,0
15162,62,15,27,0
15163,62,15,27,0
15164,62,15,27,0
15165,62,15,27,0
15166,62,15,27,0
15167,62,15,27,0
15168,62,15,27,0
15169,62,15,27,0
15170,62,15,27,0
15171,62,15,27,0
15172,62,15,27,0
15173,62,15,27,0
15174,62,15,27,0
15175,62,15,27,0
15176,62,15,27,0
15177,62,15,27,0
15178,62,15,27,0
15179,62,15,27,0
15180,62,15,27,0
15181,62,15,27,0
15182,62,15,27,0
15183,62,15,27,0
15184,62,15,27,0
15185,62,15,27,0
15186,62,15,27,0
15187,62,15,27,0
15188,62,15,27,0
15189,62,15,27,0
15190,62,15,27,0
15191,62,15,27,0
15192,62,15,27,0
15193,62,15,27,0
15194,62,15,27,0
15195,62,15,27,0
15196,62,15,27,0
15197,62,15,27,0
15198,62,15,27,0
15199,62,15,27,0
15200,62,15,27,0
15201,62,15,27,0
15202,62,15,27,0
15203,62,15,27,0
15204,62,15,27,0
15205,62,15,27,0
15206,62,15,27,0
15207,62,15,27,0
15208,62,15,27,0
15209,62,15,27,0
15210,62,15,27,0
15211,62,15,27,0
15212,62,15,27,0
15213,62,15,27,0
15214,62,15,27,0
15215,62,15,27,0
15216,62,15,27,0
15217,62,15,27,0
15218,62,15,27,0
15219,62,15,27,0
15220,62,15,27,0
15221,62,15,27,0
15222,62,15,27,0
15223,62,15,27,0
15224,62,15,27,0
15225,62,15,27,0
15226,62,15,27,0
15227,62,15,27,0
15228,62,15,27,0
15229,62,15,27,0
15230,62,15,27,0
15231,62,15,27,0
15232,62,15,27,0
15233,62,15,27,0
15234,62,15,27,0
15235,62,15,27,0
15236,62,15,27,0
15237,62,15,27,0
15238,62,15,27,0
15239,62,15,27,0
15240,62,15,27,0
15241,62,15,27,0
15242,62,15,27,0
15243,62,15,27,0
15244,62,15,27,0
15245,62,15,27,0
15246,62,15,27,0
15247,62,15,27,0
15248,62,15,27,0
15249,62,15,27,0
15250,62,15,27,0
15251,62,15,27,0
15252,62,15,27,0
15253,62,15,27,0
15254,62,15,27,0
15255,62,15,27,0
15256,62,15,27,0
15257,62,15,27,0
15258,62,15,27,0
15259,62,15,27,0
15260,62,15,27,0
15261,62,15,27,0
15262,62,15,27,0
15263,62,15,27,0
15264,62,15,27,0
15265,62,15,27,0
15266,62,15,27,0
15267,62,15,27,0
15268,62,15,27,0
15269,62,15,27,0
15270,62,15,27,0
15271,62,15,27,0
15272,62,15,27,0
15273,62,15,27,0
15274,62,15,27,0
15275,62,15,27,0
15276,62,15,27,0
15277,62,15,27,0
15278,62,15,27,0
15279,62,15,27,0
15280,62,15,27,0
15281,62,15,27,0
15282,62,15,27,0
15283,62,15,27,0
15284,62,15,27,0
15285,62,15,27,0
15286,62,15,27,0
15287,62,15,27,0
15288,62,15,27,0
15289,62,15,27,0
15290,62,15,27,0
15291,62,15,27,0
15292,62,15,27,0
15293,62,15,27,0
15294,62,15,27,0
15295,62,15,27,0
15296,62,15,27,0
15297,62,15,27,0
15298,62,15,27,0
15299,62,15,27,0
15300,62,15,27,0
15301,62,15,27,0
15302,62,15,27,0
15303,62,15,27,0
15304,62,15,27,0
15305,62,15,27,0
15306,62,15,27,0
15307,62,15,27,0
15308,62,15,27,0
15309,62,15,27,0
15310,62,15,27,0
15311,62,15,27,0
15312,62,15,27,0
15313,62,15,27,0
15314,62,15,27,0
15315,62,15,27,0
15316,62,15,27,0
15317,62,15,27,0
15318,62,15,27,0
15319,62,15,27,0
15320,62,15,27,0
15321,62,15,27,0
15322,62,15,27,0
15323,62,15,27,0
15324,62,15,27,0
15325,62,15,27,0
15326,62,15,27,0
15327,62,15,27,0
15328,62,15,27,0
15329,62,15,27,0
15330,62,15,27,0
15331,62,15,27,0
15332,62,15,27,0
15333,62,15,27,0
15334,62,15,27,0
15335,62,15,27,0
15336,62,15,27,0
15337,62,15,27,0
15338,62,15,27,0
15339,62,15,27,0
15340,62,15,27,0
15341,62,15,27,0
15342,62,15,27,0
15343,62,15,27,0
15344,62,15,27,0
15345,62,15,27,0
15346,62,15,27,0
15347,62,15,27,0
15348,62,15,27,0
15349,62,15,27,0
15350,62,15,27,0
15351,62,15,27,0
15352,62,15,27,0
15353,62,15,27,0
15354,62,15,27,0
15355,62,15,27,0
15356,62,15,27,0
15357,62,15,27,0
15358,62,15,27,0
15359,62,15,27,0
15360,62,15,27,0
15361,62,15,27,0
15362,62,15,27,0
15363,62,15,27,0
15364,62,15,27,0
15365,62,15,27,0
15366,62,15,27,0
15367,62,15,27,0
15368,62,15,27,0
15369,62,15,27,0
15370,62,15,27,0
15371,62,15,27,0
15372,62,15,27,0
15373,62,15,27,0
15374,62,15,27,0
15375,62,15,27,0
15376,62,15,27,0
15377,62,15,27,0
15378,62,15,27,0
15379,62,15,27,0
15380,62,15,27,0
15381,62,15,27,0
15382,62,15,27,0
15383,62,15,27,0
15384,62,15,27,0
15385,62,15,27,0
15386,62,15,27,0
15387,62,15,27,0
15388,62,15,27,0
15389,62,15,27,0
15390,62,15,27,0
15391,62,15,27,0
15392,62,15,27,0
15393,62,15,27,0
15394,62,15,27,0
15395,62,15,27,0
15396,62,15,27,0
15397,62,15,27,0
15398,62,15,27,0
15399,62,15,27,0
15400,62,15,27,0
15401,62,15,27,0
15402,62,15,27,0
15403,62,15,27,0
15404,62,15,27,0
15405,62,15,27,0
15406,62,15,27,0
15407,62,15,27,0
15408,62,15,27,0
15409,62,15,27,0
15410,62,15,27,0
15411,62,15,27,0
15412,62,15,27,0
15413,62,15,27,0
15414,62,15,27,0
15415,62,15,27,0
15416,62,15,27,0
15417,62,15,27,0
15418,62,15,27,0
15419,62,15,27,0
15420,62,15,27,0
15421,62,15,27,0
15422,62,15,27,0
15423,62,15,27,0
15424,62,15,27,0
15425,62,15,27,0
15426,62,15,27,0
15427,62,15,27,0
15428,62,15,27,0
15429,62,15,27,0
15430,62,15,27,0
15431,62,15,27,0
15432,62,15,27,0
15433,62,15,27,0
15434,62,15,27,0
15435,62,15,27,0
15436,62,15,27,0
15437,62,15,27,0
15438,62,15,27,0
15439,62,15,27,0
15440,62,15,27,0
15441,62,15,27,0
15442,62,15,27,0
15443,62,15,27,0
15444,62,15,27,0
15445,62,15,27,0
15446,62,15,27,0
15447,62,15,27,0
15448,62,15,27,0
15449,62,15,27,0
15450,62,15,27,0
15451,62,15,27,0
15452,62,15,27,0
15453,62,15,27,0
15454,62,15,27,0
15455,62,15,27,0
15456,62,15,27,0
15457,62,15,27,0
15458,62,15,27,0
15459,62,15,27,0
15460,62,15,27,0
15461,62,15,27,0
15462,62,15,27,0
15463,62,15,27,0
15464,62,15,27,0
15465,62,15,27,0
15466,62,15,27,0
15467,62,15,27,0
15468,62,15,27,0
15469,62,15,27,0
15470,62,15,27,0
15471,62,15,27,0
15472,62,15,27,0
15473,62,15,27,0
15474,62,15,27,0
15475,62,15,27,0
15476,62,15,27,0
15477,62,15,27,0
15478,62,15,27,0
15479,62,15,27,0
15480,62,15,27,0
15481,62,15,27,0
15482,62,15,27,0
15483,62,15,27,0
15484,62,15,27,0
15485,62,15,27,0
15486,62,15,27,0
15487,62,15,27,0
15488,62,15,27,0
15489,62,15,27,0
15490,62,15,27,0
15491,62,15,27,0
15492,62,15,27,0
15493,62,15,27,0
15494,62,15,27,0
15495,62,15,27,0
15496,62,15,27,0
15497,62,15,27,0
15498,62,15,27,0
15499,62,15,27,0
15500,62,15,27,0
15501,62,15,27,0
15502,62,15,27,0
15503,62,15,27,0
15504,62,15,27,0
15505,62,15,27,0
15506,62,15,27,0
15507,62,15,27,0
15508,62,15,27,0
15509,62,15,27,0
15510,62,15,27,0
15511,62,15,27,0
15512,62,15,27,0
15513,62,15,27,0
15514,62,15,27,0
15515,62,15,27,0
15516,62,15,27,0
15517,62,15,27,0
15518,62,15,27,0
15519,62,15,27,0
15520,62,15,27,0
15521,62,15,27,0
15522,62,15,27,0
15523,62,15,27,0
15524,62,15,27,0
15525,62,15,27,0
15526,62,15,27,0
15527,62,15,27,0
15528,62,15,27,0
15529,62,15,27,0
15530,62,15,27,0
15531,62,15,27,0
15532,62,15,27,0
15533,62,15,27,0
15534,62,15,27,0
15535,62,15,27,0
15536,62,15,27,0
15537,62,15,27,0
15538,62,15,27,0
15539,62,15,27,0
15540,62,15,27,0
15541,62,15,27,0
15542,62,15,27,0
15543,62,15,27,0
15544,62,15,27,0
15545,62,15,27,0
15546,62,15,27,0
15547,62,15,27,0
15548,62,15,27,0
15549,62,15,27,0
15550,62,15,27,0
15551,62,15,27,0
15552,62,15,27,0
15553,62,15,27,0
15554,62,15,27,0
15555,62,15,27,0
15556,62,15,27,0
15557,62,15,27,0
15558,62,15,27,0
15559,62,15,27,0
15560,62,15,27,0
15561,62,15,27,0
15562,62,15,27,0
15563,62,15,27,0
15564,62,15,27,0
15565,62,15,27,0
15566,62,15,27,0
15567,62,15,27,0
15568,62,15,27,0
15569,62,15,27,0
15570,62,15,27,0
15571,62,15,27,0
15572,62,15,27,0
15573,62,15,27,0
15574,62,15,27,0
15575,62,15,27,0
15576,62,15,27,0
15577,62,15,27,0
15578,62,15,27,0
15579,62,15,27,0
15580,62,15,27,0
15581,62,15,27,0
15582,62,15,27,0
15583,62,15,27,0
15584,62,15,27,0
15585,62,15,27,0
15586,62,15,27,0
15587,62,15,27,0
15588,62,15,27,0
15589,62,15,27,0
15590,62,15,27,0
15591,62,15,27,0
15592,62,15,27,0
15593,62,15,27,0
15594,62,15,27,0
15595,62,15,27,0
15596,62,15,27,0
15597,62,15,27,0
15598,62,15,27,0
15599,62,15,27,0
15600,62,15,27,0
15601,62,15,27,0
15602,62,15,27,0
15603,62,15,27,0
15604,62,15,27,0
15605,62,15,27,0
15606,62,15,27,0
15607,62,15,27,0
15608,62,15,27,0
15609,62,15,27,0
15610,62,15,27,0
15611,62,15,27,0
15612,62,15,27,0
15613,62,15,27,0
15614,62,15,27,0
15615,62,15,27,0
15616,62,15,27,0
15617,62,15,27,0
15618,62,15,27,0
15619,62,15,27,0
15620,62,15,27,0
15621,62,15,27,0
15622,62,15,27,0
15623,62,15,27,0
15624,62,15,27,0
15625,62,15,27,0
15626,62,15,27,0
15627,62,15,27,0
15628,62,15,27,0
15629,62,15,27,0
15630,62,15,27,0
15631,62,15,27,0
15632,62,15,27,0
15633,62,15,27,0
15634,62,15,27,0
15635,62,15,27,0
15636,62,15,27,0
15637,62,15,27,0
15638,62,15,27,0
15639,62,15,27,0
15640,62,15,27,0
15641,62,15,27,0
15642,62,15,27,0
15643,62,15,27,0
15644,62,15,27,0
15645,62,15,27,0
15646,62,15,27,0
15647,62,15,27,0
15648,62,15,27,0
15649,62,15,27,0
15650,62,15,27,0
15651,62,15,27,0
15652,62,15,27,0
15653,62,15,27,0
15654,62,15,27,0
15655,62,15,27,0
15656,62,15,27,0
15657,62,15,27,0
15658,62,15,27,0
15659,62,15,27,0
15660,62,15,27,0
15661,62,15,27,0
15662,62,15,27,0
15663,62,15,27,0
15664,62,15,27,0
15665,62,15,27,0
15666,62,15,27,0
15667,62,15,27,0
15668,62,15,27,0
15669,62,15,27,0
15670,62,15,27,0
15671,62,15,27,0
15672,62,15,27,0
15673,62,15,27,0
15674,62,15,27,0
15675,62,15,27,0
15676,62,15,27,0
15677,62,15,27,0
15678,62,15,27,0
15679,62,15,27,0
15680,62,15,27,0
15681,62,15,27,0
15682,62,15,27,0
15683,62,15,27,0
15684,62,15,27,0
15685,62,15,27,0
15686,62,15,27,0
15687,62,15,27,0
15688,62,15,27,0
15689,62,15,27,0
15690,62,15,27,0
15691,62,15,27,0
15692,62,15,27,0
15693,62,15,27,0
15694,62,15,27,0
15695,62,15,27,0
15696,62,15,27,0
15697,62,15,27,0
15698,62,15,27,0
15699,62,15,27,0
15700,62,15,27,0
15701,62,15,27,0
15702,62,15,27,0
15703,62,15,27,0
15704,62,15,27,0
15705,62,15,27,0
15706,62,15,27,0
15707,62,15,27,0
15708,62,15,27,0
15709,62,15,27,0
15710,62,15,27,0
15711,62,15,27,0
15712,62,15,27,0
15713,62,15,27,0
15714,62,15,27,0
15715,62,15,27,0
15716,62,15,27,0
15717,62,15,27,0
15718,62,15,27,0
15719,62,15,27,0
15720,62,15,27,0
15721,62,15,27,0
15722,62,15,27,0
15723,62,15,27,0
15724,62,15,27,0
15725,62,15,27,0
15726,62,15,27,0
15727,62,15,27,0
15728,62,15,27,0
15729,62,15,27,0
15730,62,15,27,0
15731,62,15,27,0
15732,62,15,27,0
15733,62,15,27,0
15734,62,15,27,0
15735,62,15,27,0
15736,62,15,27,0
15737,62,15,27,0
15738,62,15,27,0
15739,62,15,27,0
15740,62,15,27,0
15741,62,15,27,0
15742,62,15,27,0
15743,62,15,27,0
15744,62,15,27,0
15745,62,15,27,0
15746,62,15,27,0
15747,62,15,27,0
15748,62,15,27,0
15749,62,15,27,0
15750,62,15,27,0
15751,62,15,27,0
15752,62,15,27,0
15753,62,15,27,0
15754,62,15,27,0
15755,62,15,27,0
15756,62,15,27,0
15757,62,15,27,0
15758,62,15,27,0
15759,62,15,27,0
15760,62,15,27,0
15761,62,15,27,0
15762,62,15,27,0
15763,62,15,27,0
15764,62,15,27,0
15765,62,15,27,0
15766,62,15,27,0
15767,62,15,27,0
15768,62,15,27,0
15769,62,15,27,0
15770,62,15,27,0
15771,62,15,27,0
15772,62,15,27,0
15773,62,15,27,0
15774,62,15,27,0
15775,62,15,27,0
15776,62,15,27,0
15777,62,15,27,0
15778,62,15,27,0
15779,62,15,27,0
15780,62,15,27,0
15781,62,15,27,0
15782,62,15,27,0
15783,62,15,27,0
15784,62,15,27,0
15785,62,15,27,0
15786,62,15,27,0
15787,62,15,27,0
15788,62,15,27,0
15789,62,15,27,0
15790,62,15,27,0
15791,62,15,27,0
15792,62,15,27,0
15793,62,15,27,0
15794,62,15,27,0
15795,62,15,27,0
15796,62,15,27,0
15797,62,15,27,0
15798,62,15,27,0
15799,62,15,27,0
15800,62,15,27,0
15801,62,15,27,0
15802,62,15,27,0
15803,62,15,27,0
15804,62,15,27,0
15805,62,15,27,0
15806,62,15,27,0
15807,62,15,27,0
15808,62,15,27,0
15809,62,15,27,0
15810,62,15,27,0
15811,62,15,27,0
15812,62,15,27,0
15813,62,15,27,0
15814,62,15,27,0
15815,62,15,27,0
15816,62,15,27,0
15817,62,15,27,0
15818,62,15,27,0
15819,62,15,27,0
15820,62,15,27,0
15821,62,15,27,0
15822,62,15,27,0
15823,62,15,27,0
15824,62,15,27,0
15825,62,15,27,0
15826,62,15,27,0
15827,62,15,27,0
15828,62,15,27,0
15829,62,15,27,0
15830,62,15,27,0
15831,62,15,27,0
15832,62,15,27,0
15833,62,15,27,0
15834,62,15,27,0
15835,62,15,27,0
15836,62,15,27,0
15837,62,15,27,0
15838,62,15,27,0
15839,62,15,27,0
15840,62,15,27,0
15841,62,15,27,0
15842,62,15,27,0
15843,62,15,27,0
15844,62,15,27,0
15845,62,15,27,0
15846,62,15,27,0
15847,62,15,27,0
15848,62,15,27,0
15849,62,15,27,0
15850,62,15,27,0
15851,62,15,27,0
15852,62,15,27,0
15853,62,15,27,0
15854,62,15,27,0
15855,62,15,27,0
15856,62,15,27,0
15857,62,15,27,0
15858,62,15,27,0
15859,62,15,27,0
15860,62,15,27,0
15861,62,15,27,0
15862,62,15,27,0
15863,62,15,27,0
15864,62,15,27,0
15865,62,15,27,0
15866,62,15,27,0
15867,62,15,27,0
15868,62,15,27,0
15869,62,15,27,0
15870,62,15,27,0
15871,62,15,27,0
15872,62,15,27,0
15873,62,15,27,0
15874,62,15,27,0
15875,62,15,27,0
15876,62,15,27,0
15877,62,15,27,0
15878,62,15,27,0
15879,62,15,27,0
15880,62,15,27,0
15881,62,15,27,0
15882,62,15,27,0
15883,62,15,27,0
15884,62,15,27,0
15885,62,15,27,0
15886,62,15,27,0
15887,62,15,27,0
15888,62,15,27,0
15889,62,15,27,0
15890,62,15,27,0
15891,62,15,27,0
15892,62,15,27,0
15893,62,15,27,0
15894,62,15,27,0
15895,62,15,27,0
15896,62,15,27,0
15897,62,15,27,0
15898,62,15,27,0
15899,62,15,27,0
15900,62,15,27,0
15901,62,15,27,0
15902,62,15,27,0
15903,62,15,27,0
15904,62,15,27,0
15905,62,15,27,0
15906,62,15,27,0
15907,62,15,27,0
15908,62,15,27,0
15909,62,15,27,0
15910,62,15,27,0
15911,62,15,27,0
15912,62,15,27,0
15913,62,15,27,0
15914,62,15,27,0
15915,62,15,27,0
15916,62,15,27,0
15917,62,15,27,0
15918,62,15,27,0
15919,62,15,27,0
15920,62,15,27,0
15921,62,15,27,0
15922,62,15,27,0
15923,62,15,27,0
15924,62,15,27,0
15925,62,15,27,0
15926,62,15,27,0
15927,62,15,27,0
15928,62,15,27,0
15929,62,15,27,0
15930,62,15,27,0
15931,62,15,27,0
15932,62,15,27,0
15933,62,15,27,0
15934,62,15,27,0
15935,62,15,27,0
15936,62,15,27,0
15937,62,15,27,0
15938,62,15,27,0
15939,62,15,27,0
15940,62,15,27,0
15941,62,15,27,0
15942,62,15,27,0
15943,62,15,27,0
15944,62,15,27,0
15945,62,15,27,0
15946,62,15,27,0
15947,62,15,27,0
15948,62,15,27,0
15949,62,15,27,0
15950,62,15,27,0
15951,62,15,27,0
15952,62,15,27,0
15953,62,15,27,0
15954,62,15,27,0
15955,62,15,27,0
15956,62,15,27,0
15957,62,15,27,0
15958,62,15,27,0
15959,62,15,27,0
15960,62,15,27,0
15961,62,15,27,0
15962,62,15,27,0
15963,62,15,27,0
15964,62,15,27,0
15965,62,15,27,0
15966,62,15,27,0
15967,62,15,27,0
15968,62,15,27,0
15969,62,15,27,0
15970,62,15,27,0
15971,62,15,27,0
15972,62,15,27,0
15973,62,15,27,0
15974,62,15,27,0
15975,62,15,27,0
15976,62,15,27,0
15977,62,15,27,0
15978,62,15,27,0
15979,62,15,27,0
15980,62,15,27,0
15981,62,15,27,0
15982,62,15,27,0
15983,62,15,27,0
15984,62,15,27,0
15985,62,15,27,0
15986,62,15,27,0
15987,62,15,27,0
15988,62,15,27,0
15989,62,15,27,0
15990,62,15,27,0
15991,62,15,27,0
15992,62,15,27,0
15993,62,15,27,0
15994,62,15,27,0
15995,62,15,27,0
15996,62,15,27,0
15997,62,15,27,0
15998,62,15,27,0
15999,62,15,27,0
16000,62,15,27,0
16001,62,15,27,0
16002,62,15,27,0
16003,62,15,27,0
16004,62,15,27,0
16005,62,15,27,0
16006,62,15,27,0
16007,62,15,27,0
16008,62,15,27,0
16009,62,15,27,0
16010,62,15,27,0
16011,62,15,27,0
16012,62,15,27,0
16013,62,15,27,0
16014,62,15,27,0
16015,62,15,27,0
16016,62,15,27,0
16017,62,15,27,0
16018,62,15,27,0
16019,62,15,27,0
16020,62,15,27,0
16021,62,15,27,0
16022,62,15,27,0
16023,62,15,27,0
16024,62,15,27,0
16025,62,15,27,0
16026,62,15,27,0
16027,62,15,27,0
16028,62,15,27,0
16029,62,15,27,0
16030,62,15,27,0
16031,62,15,27,0
16032,62,15,27,0
16033,62,15,27,0
16034,62,15,27,0
16035,62,15,27,0
16036,62,15,27,0
16037,62,15,27,0
16038,62,15,27,0
16039,62,15,27,0
16040,62,15,27,0
16041,62,15,27,0
16042,62,15,27,0
16043,62,15,27,0
16044,62,15,27,0
16045,62,15,27,0
16046,62,15,27,0
16047,62,15,27,0
16048,62,15,27,0
16049,62,15,27,0
16050,62,15,27,0
16051,62,15,27,0
16052,62,15,27,0
16053,62,15,27,0
16054,62,15,27,0
16055,62,15,27,0
16056,62,15,27,0
16057,62,15,27,0
16058,62,15,27,0
16059,62,15,27,0
16060,62,15,27,0
16061,62,15,27,0
16062,62,15,27,0
16063,62,15,27,0
16064,62,15,27,0
16065,62,15,27,0
16066,62,15,27,0
16067,62,15,27,0
16068,62,15,27,0
16069,62,15,27,0
16070,62,15,27,0
16071,62,15,27,0
16072,62,15,27,0
16073,62,15,27,0
16074,62,15,27,0
16075,62,15,27,0
16076,62,15,27,0
16077,62,15,27,0
16078,62,15,27,0
16079,62,15,27,0
16080,62,15,27,0
16081,62,15,27,0
16082,62,15,27,0
16083,62,15,27,0
16084,62,15,27,0
16085,62,15,27,0
16086,62,15,27,0
16087,62,15,27,0
16088,62,15,27,0
16089,62,15,27,0
16090,62,15,27,0
16091,62,15,27,0
16092,62,15,27,0
16093,62,15,27,0
16094,62,15,27,0
16095,62,15,27,0
16096,62,15,27,0
16097,62,15,27,0
16098,62,15,27,0
16099,62,15,27,0
16100,62,15,27,0
16101,62,15,27,0
16102,62,15,27,0
16103,62,15,27,0
16104,62,15,27,0
16105,62,15,27,0
16106,62,15,27,0
16107,62,15,27,0
16108,62,15,27,0
16109,62,15,27,0
16110,62,15,27,0
16111,62,15,27,0
16112,62,15,27,0
16113,62,15,27,0
16114,62,15,27,0
16115,62,15,27,0
16116,62,15,27,0
16117,62,15,27,0
16118,62,15,27,0
16119,62,15,27,0
16120,62,15,27,0
16121,62,15,27,0
16122,62,15,27,0
16123,62,15,27,0
16124,62,15,27,0
16125,62,15,27,0
16126,62,15,27,0
16127,62,15,27,0
16128,62,15,27,0
16129,62,15,27,0
16130,62,15,27,0
16131,62,15,27,0
16132,62,15,27,0
16133,62,15,27,0
16134,62,15,27,0
16135,62,15,27,0
16136,62,15,27,0
16137,62,15,27,0
16138,62,15,27,0
16139,62,15,27,0
16140,62,15,27,0
16141,62,15,27,0
16142,62,15,27,0
16143,62,15,27,0
16144,62,15,27,0
16145,62,15,27,0
16146,62,15,27,0
16147,62,15,27,0
16148,62,15,27,0
16149,62,15,27,0
16150,62,15,27,0
16151,62,15,27,0
16152,62,15,27,0
16153,62,15,27,0
16154,62,15,27,0
16155,62,15,27,0
16156,62,15,27,0
16157,62,15,27,0
16158,62,15,27,0
16159,62,15,27,0
16160,62,15,27,0
16161,62,15,27,0
16162,62,15,27,0
16163,62,15,27,0
16164,62,15,27,0
16165,62,15,27,0
16166,62,15,27,0
16167,62,15,27,0
16168,62,15,27,0
16169,62,15,27,0
16170,62,15,27,0
16171,62,15,27,0
16172,62,15,27,0
16173,62,15,27,0
16174,62,15,27,0
16175,62,15,27,0
16176,62,15,27,0
16177,62,15,27,0
16178,62,15,27,0
16179,62,15,27,0
16180,62,15,27,0
16181,62,15,27,0
16182,62,15,27,0
16183,62,15,27,0
16184,62,15,27,0
16185,62,15,27,0
16186,62,15,27,0
16187,62,15,27,0
16188,62,15,27,0
16189,62,15,27,0
16190,62,15,27,0
16191,62,15,27,0
16192,62,15,27,0
16193,62,15,27,0
16194,62,15,27,0
16195,62,15,27,0
16196,62,15,27,0
16197,62,15,27,0
16198,62,15,27,0
16199,62,15,27,0
16200,62,15,27,0
16201,62,15,27,0
16202,62,15,27,0
16203,62,15,27,0
16204,62,15,27,0
16205,62,15,27,0
16206,62,15,27,0
16207,62,15,27,0
16208,62,15,27,0
16209,62,15,27,0
16210,62,15,27,0
16211,62,15,27,0
16212,62,15,27,0
16213,62,15,27,0
16214,62,15,27,0
16215,62,15,27,0
16216,62,15,27,0
16217,62,15,27,0
16218,62,15,27,0
16219,62,15,27,0
16220,62,15,27,0
16221,62,15,27,0
16222,62,15,27,0
16223,62,15,27,0
16224,62,15,27,0
16225,62,15,27,0
16226,62,15,27,0
16227,62,15,27,0
16228,62,15,27,0
16229,62,15,27,0
16230,62,15,27,0
16231,62,15,27,0
16232,62,15,27,0
16233,62,15,27,0
16234,62,15,27,0
16235,62,15,27,0
16236,62,15,27,0
16237,62,15,27,0
16238,62,15,27,0
16239,62,15,27,0
16240,62,15,27,0
16241,62,15,27,0
16242,62,15,27,0
16243,62,15,27,0
16244,62,15,27,0
16245,62,15,27,0
16246,62,15,27,0
16247,62,15,27,0
16248,62,15,27,0
16249,62,15,27,0
16250,62,15,27,0
16251,62,15,27,0
16252,62,15,27,0
16253,62,15,27,0
16254,62,15,27,0
16255,62,15,27,0
16256,62,15,27,0
16257,62,15,27,0
16258,62,15,27,0
16259,62,15,27,0
16260,62,15,27,0
16261,62,15,27,0
16262,62,15,27,0
16263,62,15,27,0
16264,62,15,27,0
16265,62,15,27,0
16266,62,15,27,0
16267,62,15,27,0
16268,62,15,27,0
16269,62,15,27,0
16270,62,15,27,0
16271,62,15,27,0
16272,62,15,27,0
16273,62,15,27,0
16274,62,15,27,0
16275,62,15,27,0
16276,62,15,27,0
16277,62,15,27,0
16278,62,15,27,0
16279,62,15,27,0
16280,62,15,27,0
16281,62,15,27,0
16282,62,15,27,0
16283,62,15,27,0
16284,62,15,27,0
16285,62,15,27,0
16286,62,15,27,0
16287,62,15,27,0
16288,62,15,27,0
16289,62,15,27,0
16290,62,15,27,0
16291,62,15,27,0
16292,62,15,27,0
16293,62,15,27,0
16294,62,15,27,0
16295,62,15,27,0
16296,62,15,27,0
16297,62,15,27,0
16298,62,15,27,0
16299,62,15,27,0
16300,62,15,27,0
16301,62,15,27,0
16302,62,15,27,0
16303,62,15,27,0
16304,62,15,27,0
16305,62,15,27,0
16306,62,15,27,0
16307,62,15,27,0
16308,62,15,27,0
16309,62,15,27,0
16310,62,15,27,0
16311,62,15,27,0
16312,62,15,27,0
16313,62,15,27,0
16314,62,15,27,0
16315,62,15,27,0
16316,62,15,27,0
16317,62,15,27,0
16318,62,15,27,0
16319,62,15,27,0
16320,62,15,27,0
16321,62,15,27,0
16322,62,15,27,0
16323,62,15,27,0
16324,62,15,27,0
16325,62,15,27,0
16326,62,15,27,0
16327,62,15,27,0
16328,62,15,27,0
16329,62,15,27,0
16330,62,15,27,0
16331,62,15,27,0
16332,62,15,27,0
16333,62,15,27,0
16334,62,15,27,0
16335,62,15,27,0
16336,62,15,27,0
16337,62,15,27,0
16338,62,15,27,0
16339,62,15,27,0
16340,62,15,27,0
16341,62,15,27,0
16342,62,15,27,0
16343,62,15,27,0
16344,62,15,27,0
16345,62,15,27,0
16346,62,15,27,0
16347,62,15,27,0
16348,62,15,27,0
16349,62,15,27,0
16350,62,15,27,0
16351,62,15,27,0
16352,62,15,27,0
16353,62,15,27,0
16354,62,15,27,0
16355,62,15,27,0
16356,62,15,27,0
16357,62,15,27,0
16358,62,15,27,0
16359,62,15,27,0
16360,62,15,27,0
16361,62,15,27,0
16362,62,15,27,0
16363,62,15,27,0
16364,62,15,27,0
16365,62,15,27,0
16366,62,15,27,0
16367,62,15,27,0
16368,62,15,27,0
16369,62,15,27,0
16370,62,15,27,0
16371,62,15,27,0
16372,62,15,27,0
16373,62,15,27,0
16374,62,15,27,0
16375,62,15,27,0
16376,62,15,27,0
16377,62,15,27,0
16378,62,15,27,0
16379,62,15,27,0
16380,62,15,27,0
16381,62,15,27,0
16382,62,15,27,0
16383,62,15,27,0
16384,62,15,27,0
16385,62,15,27,0
16386,62,15,27,0
16387,62,15,27,0
16388,62,15,27,0
16389,62,15,27,0
16390,62,15,27,0
16391,62,15,27,0
16392,62,15,27,0
16393,62,15,27,0
16394,62,15,27,0
16395,62,15,27,0
16396,62,15,27,0
16397,62,15,27,0
16398,62,15,27,0
16399,62,15,27,0
16400,62,15,27,0
16401,62,15,27,0
16402,62,15,27,0
16403,62,15,27,0
16404,62,15,27,0
16405,62,15,27,0
16406,62,15,27,0
16407,62,15,27,0
16408,62,15,27,0
16409,62,15,27,0
16410,62,15,27,0
16411,62,15,27,0
16412,62,15,27,0
16413,62,15,27,0
16414,62,15,27,0
16415,62,15,27,0
16416,62,15,27,0
16417,62,15,27,0
16418,62,15,27,0
16419,62,15,27,0
16420,62,15,27,0
16421,62,15,27,0
16422,62,15,27,0
16423,62,15,27,0
16424,62,15,27,0
16425,62,15,27,0
16426,62,15,27,0
16427,62,15,27,0
16428,62,15,27,0
16429,62,15,27,0
16430,62,15,27,0
16431,62,15,27,0
16432,62,15,27,0
16433,62,15,27,0
16434,62,15,27,0
16435,62,15,27,0
16436,62,15,27,0
16437,62,15,27,0
16438,62,15,27,0
16439,62,15,27,0
16440,62,15,27,0
16441,62,15,27,0
16442,62,15,27,0
16443,62,15,27,0
16444,62,15,27,0
16445,62,15,27,0
16446,62,15,27,0
16447,62,15,27,0
16448,62,15,27,0
16449,62,15,27,0
16450,62,15,27,0
16451,62,15,27,0
16452,62,15,27,0
16453,62,15,27,0
16454,62,15,27,0
16455,62,15,27,0
16456,62,15,27,0
16457,62,15,27,0
16458,62,15,27,0
16459,62,15,27,0
16460,62,15,27,0
16461,62,15,27,0
16462,62,15,27,0
16463,62,15,27,0
16464,62,15,27,0
16465,62,15,27,0
16466,62,15,27,0
16467,62,15,27,0
16468,62,15,27,0
16469,62,15,27,0
16470,62,15,27,0
16471,62,15,27,0
16472,62,15,27,0
16473,62,15,27,0
16474,62,15,27,0
16475,62,15,27,0
16476,62,15,27,0
16477,62,15,27,0
16478,62,15,27,0
16479,62,15,27,0
16480,62,15,27,0
16481,62,15,27,0
16482,62,15,27,0
16483,62,15,27,0
16484,62,15,27,0
16485,62,15,27,0
16486,62,15,27,0
16487,62,15,27,0
16488,62,15,27,0
16489,62,15,27,0
16490,62,15,27,0
16491,62,15,27,0
16492,62,15,27,0
16493,62,15,27,0
16494,62,15,27,0
16495,62,15,27,0
16496,62,15,27,0
16497,62,15,27,0
16498,62,15,27,0
16499,62,15,27,0
16500,62,15,27,0
16501,62,15,27,0
16502,62,15,27,0
16503,62,15,27,0
16504,62,15,27,0
16505,62,15,27,0
16506,62,15,27,0
16507,62,15,27,0
16508,62,15,27,0
16509,62,15,27,0
16510,62,15,27,0
16511,62,15,27,0
16512,62,15,27,0
16513,62,15,27,0
16514,62,15,27,0
16515,62,15,27,0
16516,62,15,27,0
16517,62,15,27,0
16518,62,15,27,0
16519,62,15,27,0
16520,62,15,27,0
16521,62,15,27,0
16522,62,15,27,0
16523,62,15,27,0
16524,62,15,27,0
16525,62,15,27,0
16526,62,15,27,0
16527,62,15,27,0
16528,62,15,27,0
16529,62,15,27,0
16530,62,15,27,0
16531,62,15,27,0
16532,62,15,27,0
16533,62,15,27,0
16534,62,15,27,0
16535,62,15,27,0
16536,62,15,27,0
16537,62,15,27,0
16538,62,15,27,0
16539,62,15,27,0
16540,62,15,27,0
16541,62,15,27,0
16542,62,15,27,0
16543,62,15,27,0
16544,62,15,27,0
16545,62,15,27,0
16546,62,15,27,0
16547,62,15,27,0
16548,62,15,27,0
16549,62,15,27,0
16550,62,15,27,0
16551,62,15,27,0
16552,62,15,27,0
16553,62,15,27,0
16554,62,15,27,0
16555,62,15,27,0
16556,62,15,27,0
16557,62,15,27,0
16558,62,15,27,0
16559,62,15,27,0
16560,62,15,27,0
16561,62,15,27,0
16562,62,15,27,0
16563,62,15,27,0
16564,62,15,27,0
16565,62,15,27,0
16566,62,15,27,0
16567,62,15,27,0
16568,62,15,27,0
16569,62,15,27,0
16570,62,15,27,0
16571,62,15,27,0
16572,62,15,27,0
16573,62,15,27,0
16574,62,15,27,0
16575,62,15,27,0
16576,62,15,27,0
16577,62,15,27,0
16578,62,15,27,0
16579,62,15,27,0
16580,62,15,27,0
16581,62,15,27,0
16582,62,15,27,0
16583,62,15,27,0
16584,62,15,27,0
16585,62,15,27,0
16586,62,15,27,0
16587,62,15,27,0
16588,62,15,27,0
16589,62,15,27,0
16590,62,15,27,0
16591,62,15,27,0
16592,62,15,27,0
16593,62,15,27,0
16594,62,15,27,0
16595,62,15,27,0
16596,62,15,27,0
16597,62,15,27,0
16598,62,15,27,0
16599,62,15,27,0
16600,62,15,27,0
16601,62,15,27,0
16602,62,15,27,0
16603,62,15,27,0
16604,62,15,27,0
16605,62,15,27,0
16606,62,15,27,0
16607,62,15,27,0
16608,62,15,27,0
16609,62,15,27,0
16610,62,15,27,0
16611,62,15,27,0
16612,62,15,27,0
16613,62,15,27,0
16614,62,15,27,0
16615,62,15,27,0
16616,62,15,27,0
16617,62,15,27,0
16618,62,15,27,0
16619,62,15,27,0
16620,62,15,27,0
16621,62,15,27,0
16622,62,15,27,0
16623,62,15,27,0
16624,62,15,27,0
16625,62,15,27,0
16626,62,15,27,0
16627,62,15,27,0
16628,62,15,27,0
16629,62,15,27,0
16630,62,15,27,0
16631,62,15,27,0
16632,62,15,27,0
16633,62,15,27,0
16634,62,15,27,0
16635,62,15,27,0
16636,62,15,27,0
16637,62,15,27,0
16638,62,15,27,0
16639,62,15,27,0
16640,62,15,27,0
16641,62,15,27,0
16642,62,15,27,0
16643,62,15,27,0
16644,62,15,27,0
16645,62,15,27,0
16646,62,15,27,0
16647,62,15,27,0
16648,62,15,27,0
16649,62,15,27,0
16650,62,15,27,0
16651,62,15,27,0
16652,62,15,27,0
16653,62,15,27,0
16654,62,15,27,0
16655,62,15,27,0
16656,62,15,27,0
16657,62,15,27,0
16658,62,15,27,0
16659,62,15,27,0
16660,62,15,27,0
16661,62,15,27,0
16662,62,15,27,0
16663,62,15,27,0
16664,62,15,27,0
16665,62,15,27,0
16666,62,15,27,0
16667,62,15,27,0
16668,62,15,27,0
16669,62,15,27,0
16670,62,15,27,0
16671,62,15,27,0
16672,62,15,27,0
16673,62,15,27,0
16674,62,15,27,0
16675,62,15,27,0
16676,62,15,27,0
16677,62,15,27,0
16678,62,15,27,0
16679,62,15,27,0
16680,62,15,27,0
16681,62,15,27,0
16682,62,15,27,0
16683,62,15,27,0
16684,62,15,27,0
16685,62,15,27,0
16686,62,15,27,0
16687,62,15,27,0
16688,62,15,27,0
16689,62,15,27,0
16690,62,15,27,0
16691,62,15,27,0
16692,62,15,27,0
16693,62,15,27,0
16694,62,15,27,0
16695,62,15,27,0
16696,62,15,27,0
16697,62,15,27,0
16698,62,15,27,0
16699,62,15,27,0
16700,62,15,27,0
16701,62,15,27,0
16702,62,15,27,0
16703,62,15,27,0
16704,62,15,27,0
16705,62,15,27,0
16706,62,15,27,0
16707,62,15,27,0
16708,62,15,27,0
16709,62,15,27,0
16710,62,15,27,0
16711,62,15,27,0
16712,62,15,27,0
16713,62,15,27,0
16714,62,15,27,0
16715,62,15,27,0
16716,62,15,27,0
16717,62,15,27,0
16718,62,15,27,0
16719,62,15,27,0
16720,62,15,27,0
16721,62,15,27,0
16722,62,15,27,0
16723,62,15,27,0
16724,62,15,27,0
16725,62,15,27,0
16726,62,15,27,0
16727,62,15,27,0
16728,62,15,27,0
16729,62,15,27,0
16730,62,15,27,0
16731,62,15,27,0
16732,62,15,27,0
16733,62,15,27,0
16734,62,15,27,0
16735,62,15,27,0
16736,62,15,27,0
16737,62,15,27,0
16738,62,15,27,0
16739,62,15,27,0
16740,62,15,27,0
16741,62,15,27,0
16742,62,15,27,0
16743,62,15,27,0
16744,62,15,27,0
16745,62,15,27,0
16746,62,15,27,0
16747,62,15,27,0
16748,62,15,27,0
16749,62,15,27,0
16750,62,15,27,0
16751,62,15,27,0
16752,62,15,27,0
16753,62,15,27,0
16754,62,15,27,0
16755,62,15,27,0
16756,62,15,27,0
16757,62,15,27,0
16758,62,15,27,0
16759,62,15,27,0
16760,62,15,27,0
16761,62,15,27,0
16762,62,15,27,0
16763,62,15,27,0
16764,62,15,27,0
16765,62,15,27,0
16766,62,15,27,0
16767,62,15,27,0
16768,62,15,27,0
16769,62,15,27,0
16770,62,15,27,0
16771,62,15,27,0
16772,62,15,27,0
16773,62,15,27,0
16774,62,15,27,0
16775,62,15,27,0
16776,62,15,27,0
16777,62,15,27,0
16778,62,15,27,0
16779,62,15,27,0
16780,62,15,27,0
16781,62,15,27,0
16782,62,15,27,0
16783,62,15,27,0
16784,62,15,27,0
16785,62,15,27,0
16786,62,15,27,0
16787,62,15,27,0
16788,62,15,27,0
16789,62,15,27,0
16790,62,15,27,0
16791,62,15,27,0
16792,62,15,27,0
16793,62,15,27,0
16794,62,15,27,0
16795,62,15,27,0
16796,62,15,27,0
16797,62,15,27,0
16798,62,15,27,0
16799,62,15,27,0
16800,62,15,27,0
16801,62,15,27,0
16802,62,15,27,0
16803,62,15,27,0
16804,62,15,27,0
16805,62,15,27,0
16806,62,15,27,0
16807,62,15,27,0
16808,62,15,27,0
16809,62,15,27,0
16810,62,15,27,0
16811,62,15,27,0
16812,62,15,27,0
16813,62,15,27,0
16814,62,15,27,0
16815,62,15,27,0
16816,62,15,27,0
16817,62,15,27,0
16818,62,15,27,0
16819,62,15,27,0
16820,62,15,27,0
16821,62,15,27,0
16822,62,15,27,0
16823,62,15,27,0
16824,62,15,27,0
16825,62,15,27,0
16826,62,15,27,0
16827,62,15,27,0
16828,62,15,27,0
16829,62,15,27,0
16830,62,15,27,0
16831,62,15,27,0
16832,62,15,27,0
16833,62,15,27,0
16834,62,15,27,0
16835,62,15,27,0
16836,62,15,27,0
16837,62,15,27,0
16838,62,15,27,0
16839,62,15,27,0
16840,62,15,27,0
16841,62,15,27,0
16842,62,15,27,0
16843,62,15,27,0
16844,62,15,27,0
16845,62,15,27,0
16846,62,15,27,0
16847,62,15,27,0
16848,62,15,27,0
16849,62,15,27,0
16850,62,15,27,0
16851,62,15,27,0
16852,62,15,27,0
16853,62,15,27,0
16854,62,15,27,0
16855,62,15,27,0
16856,62,15,27,0
16857,62,15,27,0
16858,62,15,27,0
16859,62,15,27,0
16860,62,15,27,0
16861,62,15,27,0
16862,62,15,27,0
16863,62,15,27,0
16864,62,15,27,0
16865,62,15,27,0
16866,62,15,27,0
16867,62,15,27,0
16868,62,15,27,0
16869,62,15,27,0
16870,62,15,27,0
16871,62,15,27,0
16872,62,15,27,0
16873,62,15,27,0
16874,62,15,27,0
16875,62,15,27,0
16876,62,15,27,0
16877,62,15,27,0
16878,62,15,27,0
16879,62,15,27,0
16880,62,15,27,0
16881,62,15,27,0
16882,62,15,27,0
16883,62,15,27,0
16884,62,15,27,0
16885,62,15,27,0
16886,62,15,27,0
16887,62,15,27,0
16888,62,15,27,0
16889,62,15,27,0
16890,62,15,27,0
16891,62,15,27,0
16892,62,15,27,0
16893,62,15,27,0
16894,62,15,27,0
16895,62,15,27,0
16896,62,15,27,0
16897,62,15,27,0
16898,62,15,27,0
16899,62,15,27,0
16900,62,15,27,0
16901,62,15,27,0
16902,62,15,27,0
16903,62,15,27,0
16904,62,15,27,0
16905,62,15,27,0
16906,62,15,27,0
16907,62,15,27,0
16908,62,15,27,0
16909,62,15,27,0
16910,62,15,27,0
16911,62,15,27,0
16912,62,15,27,0
16913,62,15,27,0
16914,62,15,27,0
16915,62,15,27,0
16916,62,15,27,0
16917,62,15,27,0
16918,62,15,27,0
16919,62,15,27,0
16920,62,15,27,0
16921,62,15,27,0
16922,62,15,27,0
16923,62,15,27,0
16924,62,15,27,0
16925,62,15,27,0
16926,62,15,27,0
16927,62,15,27,0
16928,62,15,27,0
16929,62,15,27,0
16930,62,15,27,0
16931,62,15,27,0
16932,62,15,27,0
16933,62,15,27,0
16934,62,15,27,0
16935,62,15,27,0
16936,62,15,27,0
16937,62,15,27,0
16938,62,15,27,0
16939,62,15,27,0
16940,62,15,27,0
16941,62,15,27,0
16942,62,15,27,0
16943,62,15,27,0
16944,62,15,27,0
16945,62,15,27,0
16946,62,15,27,0
16947,62,15,27,0
16948,62,15,27,0
16949,62,15,27,0
16950,62,15,27,0
16951,62,15,27,0
16952,62,15,27,0
16953,62,15,27,0
16954,62,15,27,0
16955,62,15,27,0
16956,62,15,27,0
16957,62,15,27,0
16958,62,15,27,0
16959,62,15,27,0
16960,62,15,27,0
16961,62,15,27,0
16962,62,15,27,0
16963,62,15,27,0
16964,62,15,27,0
16965,62,15,27,0
16966,62,15,27,0
16967,62,15,27,0
16968,62,15,27,0
16969,62,15,27,0
16970,62,15,27,0
16971,62,15,27,0
16972,62,15,27,0
16973,62,15,27,0
16974,62,15,27,0
16975,62,15,27,0
16976,62,15,27,0
16977,62,15,27,0
16978,62,15,27,0
16979,62,15,27,0
16980,62,15,27,0
16981,62,15,27,0
16982,62,15,27,0
16983,62,15,27,0
16984,62,15,27,0
16985,62,15,27,0
16986,62,15,27,0
16987,62,15,27,0
16988,62,15,27,0
16989,62,15,27,0
16990,62,15,27,0
16991,62,15,27,0
16992,62,15,27,0
16993,62,15,27,0
16994,62,15,27,0
16995,62,15,27,0
16996,62,15,27,0
16997,62,15,27,0
16998,62,15,27,0
16999,62,15,27,0
17000,62,15,27,0
17001,62,15,27,0
17002,62,15,27,0
17003,62,15,27,0
17004,62,15,27,0
17005,62,15,27,0
17006,62,15,27,0
17007,62,15,27,0
17008,62,15,27,0
17009,62,15,27,0
17010,62,15,27,0
17011,62,15,27,0
17012,62,15,27,0
17013,62,15,27,0
17014,62,15,27,0
17015,62,15,27,0
17016,62,15,27,0
17017,62,15,27,0
17018,62,15,27,0
17019,62,15,27,0
17020,62,15,27,0
17021,62,15,27,0
17022,62,15,27,0
17023,62,15,27,0
17024,62,15,27,0
17025,62,15,27,0
17026,62,15,27,0
17027,62,15,27,0
17028,62,15,27,0
17029,62,15,27,0
17030,62,15,27,0
17031,62,15,27,0
17032,62,15,27,0
17033,62,15,27,0
17034,62,15,27,0
17035,62,15,27,0
17036,62,15,27,0
17037,62,15,27,0
17038,62,15,27,0
17039,62,15,27,0
17040,62,15,27,0
17041,62,15,27,0
17042,62,15,27,0
17043,62,15,27,0
17044,62,15,27,0
17045,62,15,27,0
17046,62,15,27,0
17047,62,15,27,0
17048,62,15,27,0
17049,62,15,27,0
17050,62,15,27,0
17051,62,15,27,0
17052,62,15,27,0
17053,62,15,27,0
17054,62,15,27,0
17055,62,15,27,0
17056,62,15,27,0
17057,62,15,27,0
17058,62,15,27,0
17059,62,15,27,0
17060,62,15,27,0
17061,62,15,27,0
17062,62,15,27,0
17063,62,15,27,0
17064,62,15,27,0
17065,62,15,27,0
17066,62,15,27,0
17067,62,15,27,0
17068,62,15,27,0
17069,62,15,27,0
17070,62,15,27,0
17071,62,15,27,0
17072,62,15,27,0
17073,62,15,27,0
17074,62,15,27,0
17075,62,15,27,0
17076,62,15,27,0
17077,62,15,27,0
17078,62,15,27,0
17079,62,15,27,0
17080,62,15,27,0
17081,62,15,27,0
17082,62,15,27,0
17083,62,15,27,0
17084,62,15,27,0
17085,62,15,27,0
17086,62,15,27,0
17087,62,15,27,0
17088,62,15,27,0
17089,62,15,27,0
17090,62,15,27,0
17091,62,15,27,0
17092,62,15,27,0
17093,62,15,27,0
17094,62,15,27,0
17095,62,15,27,0
17096,62,15,27,0
17097,62,15,27,0
17098,62,15,27,0
17099,62,15,27,0
17100,62,15,27,0
17101,62,15,27,0
17102,62,15,27,0
17103,62,15,27,0
17104,62,15,27,0
17105,62,15,27,0
17106,62,15,27,0
17107,62,15,27,0
17108,62,15,27,0
17109,62,15,27,0
17110,62,15,27,0
17111,62,15,27,0
17112,62,15,27,0
17113,62,15,27,0
17114,62,15,27,0
17115,62,15,27,0
17116,62,15,27,0
17117,62,15,27,0
17118,62,15,27,0
17119,62,15,27,0
17120,62,15,27,0
17121,62,15,27,0
17122,62,15,27,0
17123,62,15,27,0
17124,62,15,27,0
17125,62,15,27,0
17126,62,15,27,0
17127,62,15,27,0
17128,62,15,27,0
17129,62,15,27,0
17130,62,15,27,0
17131,62,15,27,0
17132,62,15,27,0
17133,62,15,27,0
17134,62,15,27,0
17135,62,15,27,0
17136,62,15,27,0
17137,62,15,27,0
17138,62,15,27,0
17139,62,15,27,0
17140,62,15,27,0
17141,62,15,27,0
17142,62,15,27,0
17143,62,15,27,0
17144,62,15,27,0
17145,62,15,27,0
17146,62,15,27,0
17147,62,15,27,0
17148,62,15,27,0
17149,62,15,27,0
17150,62,15,27,0
17151,62,15,27,0
17152,62,15,27,0
17153,62,15,27,0
17154,62,15,27,0
17155,62,15,27,0
17156,62,15,27,0
17157,62,15,27,0
17158,62,15,27,0
17159,62,15,27,0
17160,62,15,27,0
17161,62,15,27,0
17162,62,15,27,0
17163,62,15,27,0
17164,62,15,27,0
17165,62,15,27,0
17166,62,15,27,0
17167,62,15,27,0
17168,62,15,27,0
17169,62,15,27,0
17170,62,15,27,0
17171,62,15,27,0
17172,62,15,27,0
17173,62,15,27,0
17174,62,15,27,0
17175,62,15,27,0
17176,62,15,27,0
17177,62,15,27,0
17178,62,15,27,0
17179,62,15,27,0
17180,62,15,27,0
17181,62,15,27,0
17182,62,15,27,0
17183,62,15,27,0
17184,62,15,27,0
17185,62,15,27,0
17186,62,15,27,0
17187,62,15,27,0
17188,62,15,27,0
17189,62,15,27,0
17190,62,15,27,0
17191,62,15,27,0
17192,62,15,27,0
17193,62,15,27,0
17194,62,15,27,0
17195,62,15,27,0
17196,62,15,27,0
17197,62,15,27,0
17198,62,15,27,0
17199,62,15,27,0
17200,62,15,27,0
17201,62,15,27,0
17202,62,15,27,0
17203,62,15,27,0
17204,62,15,27,0
17205,62,15,27,0
17206,62,15,27,0
17207,62,15,27,0
17208,62,15,27,0
17209,62,15,27,0
17210,62,15,27,0
17211,62,15,27,0
17212,62,15,27,0
17213,62,15,27,0
17214,62,15,27,0
17215,62,15,27,0
17216,62,15,27,0
17217,62,15,27,0
17218,62,15,27,0
17219,62,15,27,0
17220,62,15,27,0
17221,62,15,27,0
17222,62,15,27,0
17223,62,15,27,0
17224,62,15,27,0
17225,62,15,27,0
17226,62,15,27,0
17227,62,15,27,0
17228,62,15,27,0
17229,62,15,27,0
17230,62,15,27,0
17231,62,15,27,0
17232,62,15,27,0
17233,62,15,27,0
17234,62,15,27,0
17235,62,15,27,0
17236,62,15,27,0
17237,62,15,27,0
17238,62,15,27,0
17239,62,15,27,0
17240,62,15,27,0
17241,62,15,27,0
17242,62,15,27,0
17243,62,15,27,0
17244,62,15,27,0
17245,62,15,27,0
17246,62,15,27,0
17247,62,15,27,0
17248,62,15,27,0
17249,62,15,27,0
17250,62,15,27,0
17251,62,15,27,0
17252,62,15,27,0
17253,62,15,27,0
17254,62,15,27,0
17255,62,15,27,0
17256,62,15,27,0
17257,62,15,27,0
17258,62,15,27,0
17259,62,15,27,0
17260,62,15,27,0
17261,62,15,27,0
17262,62,15,27,0
17263,62,15,27,0
17264,62,15,27,0
17265,62,15,27,0
17266,62,15,27,0
17267,62,15,27,0
17268,62,15,27,0
17269,62,15,27,0
17270,62,15,27,0
17271,62,15,27,0
17272,62,15,27,0
17273,62,15,27,0
17274,62,15,27,0
17275,62,15,27,0
17276,62,15,27,0
17277,62,15,27,0
17278,62,15,27,0
17279,62,15,27,0
17280,62,15,27,0
17281,62,15,27,0
17282,62,15,27,0
17283,62,15,27,0
17284,62,15,27,0
17285,62,15,27,0
17286,62,15,27,0
17287,62,15,27,0
17288,62,15,27,0
17289,62,15,27,0
17290,62,15,27,0
17291,62,15,27,0
17292,62,15,27,0
17293,62,15,27,0
17294,62,15,27,0
17295,62,15,27,0
17296,62,15,27,0
17297,62,15,27,0
17298,62,15,27,0
17299,62,15,27,0
17300,62,15,27,0
17301,62,15,27,0
17302,62,15,27,0
17303,62,15,27,0
17304,62,15,27,0
17305,62,15,27,0
17306,62,15,27,0
17307,62,15,27,0
17308,62,15,27,0
17309,62,15,27,0
17310,62,15,27,0
17311,62,15,27,0
17312,62,15,27,0
17313,62,15,27,0
17314,62,15,27,0
17315,62,15,27,0
17316,62,15,27,0
17317,62,15,27,0
17318,62,15,27,0
17319,62,15,27,0
17320,62,15,27,0
17321,62,15,27,0
17322,62,15,27,0
17323,62,15,27,0
17324,62,15,27,0
17325,62,15,27,0
17326,62,15,27,0
17327,62,15,27,0
17328,62,15,27,0
17329,62,15,27,0
17330,62,15,27,0
17331,62,15,27,0
17332,62,15,27,0
17333,62,15,27,0
17334,62,15,27,0
17335,62,15,27,0
17336,62,15,27,0
17337,62,15,27,0
17338,62,15,27,0
17339,62,15,27,0
17340,62,15,27,0
17341,62,15,27,0
17342,62,15,27,0
17343,62,15,27,0
17344,62,15,27,0
17345,62,15,27,0
17346,62,15,27,0
17347,62,15,27,0
17348,62,15,27,0
17349,62,15,27,0
17350,62,15,27,0
17351,62,15,27,0
17352,62,15,27,0
17353,62,15,27,0
17354,62,15,27,0
17355,62,15,27,0
17356,62,15,27,0
17357,62,15,27,0
17358,62,15,27,0
17359,62,15,27,0
17360,62,15,27,0
17361,62,15,27,0
17362,62,15,27,0
17363,62,15,27,0
17364,62,15,27,0
17365,62,15,27,0
17366,62,15,27,0
17367,62,15,27,0
17368,62,15,27,0
17369,62,15,27,0
17370,62,15,27,0
17371,62,15,27,0
17372,62,15,27,0
17373,62,15,27,0
17374,62,15,27,0
17375,62,15,27,0
17376,62,15,27,0
17377,62,15,27,0
17378,62,15,27,0
17379,62,15,27,0
17380,62,15,27,0
17381,62,15,27,0
17382,62,15,27,0
17383,62,15,27,0
17384,62,15,27,0
17385,62,15,27,0
17386,62,15,27,0
17387,62,15,27,0
17388,62,15,27,0
17389,62,15,27,0
17390,62,15,27,0
17391,62,15,27,0
17392,62,15,27,0
17393,62,15,27,0
17394,62,15,27,0
17395,62,15,27,0
17396,62,15,27,0
17397,62,15,27,0
17398,62,15,27,0
17399,62,15,27,0
17400,62,15,27,0
17401,62,15,27,0
17402,62,15,27,0
17403,62,15,27,0
17404,62,15,27,0
17405,62,15,27,0
17406,62,15,27,0
17407,62,15,27,0
17408,62,15,27,0
17409,62,15,27,0
17410,62,15,27,0
17411,62,15,27,0
17412,62,15,27,0
17413,62,15,27,0
17414,62,15,27,0
17415,62,15,27,0
17416,62,15,27,0
17417,62,15,27,0
17418,62,15,27,0
17419,62,15,27,0
17420,62,15,27,0
17421,62,15,27,0
17422,62,15,27,0
17423,62,15,27,0
17424,62,15,27,0
17425,62,15,27,0
17426,62,15,27,0
17427,62,15,27,0
17428,62,15,27,0
17429,62,15,27,0
17430,62,15,27,0
17431,62,15,27,0
17432,62,15,27,0
17433,62,15,27,0
17434,62,15,27,0
17435,62,15,27,0
17436,62,15,27,0
17437,62,15,27,0
17438,62,15,27,0
17439,62,15,27,0
17440,62,15,27,0
17441,62,15,27,0
17442,62,15,27,0
17443,62,15,27,0
17444,62,15,27,0
17445,62,15,27,0
17446,62,15,27,0
17447,62,15,27,0
17448,62,15,27,0
17449,62,15,27,0
17450,62,15,27,0
17451,62,15,27,0
17452,62,15,27,0
17453,62,15,27,0
17454,62,15,27,0
17455,62,15,27,0
17456,62,15,27,0
17457,62,15,27,0
17458,62,15,27,0
17459,62,15,27,0
17460,62,15,27,0
17461,62,15,27,0
17462,62,15,27,0
17463,62,15,27,0
17464,62,15,27,0
17465,62,15,27,0
17466,62,15,27,0
17467,62,15,27,0
17468,62,15,27,0
17469,62,15,27,0
17470,62,15,27,0
17471,62,15,27,0
17472,62,15,27,0
17473,62,15,27,0
17474,62,15,27,0
17475,62,15,27,0
17476,62,15,27,0
17477,62,15,27,0
17478,62,15,27,0
17479,62,15,27,0
17480,62,15,27,0
17481,62,15,27,0
17482,62,15,27,0
17483,62,15,27,0
17484,62,15,27,0
17485,62,15,27,0
17486,62,15,27,0
17487,62,15,27,0
17488,62,15,27,0
17489,62,15,27,0
17490,62,15,27,0
17491,62,15,27,0
17492,62,15,27,0
17493,62,15,27,0
17494,62,15,27,0
17495,62,15,27,0
17496,62,15,27,0
17497,62,15,27,0
17498,62,15,27,0
17499,62,15,27,0
17500,62,15,27,0
17501,62,15,27,0
17502,62,15,27,0
17503,62,15,27,0
17504,62,15,27,0
17505,62,15,27,0
17506,62,15,27,0
17507,62,15,27,0
17508,62,15,27,0
17509,62,15,27,0
17510,62,15,27,0
17511,62,15,27,0
17512,62,15,27,0
17513,62,15,27,0
17514,62,15,27,0
17515,62,15,27,0
17516,62,15,27,0
17517,62,15,27,0
17518,62,15,27,0
17519,62,15,27,0
17520,62,15,27,0
17521,62,15,27,0
17522,62,15,27,0
17523,62,15,27,0
17524,62,15,27,0
17525,62,15,27,0
17526,62,15,27,0
17527,62,15,27,0
17528,62,15,27,0
17529,62,15,27,0
17530,62,15,27,0
17531,62,15,27,0
17532,62,15,27,0
17533,62,15,27,0
17534,62,15,27,0
17535,62,15,27,0
17536,62,15,27,0
17537,62,15,27,0
17538,62,15,27,0
17539,62,15,27,0
17540,62,15,27,0
17541,62,15,27,0
17542,62,15,27,0
17543,62,15,27,0
17544,62,15,27,0
17545,62,15,27,0
17546,62,15,27,0
17547,62,15,27,0
17548,62,15,27,0
17549,62,15,27,0
17550,62,15,27,0
17551,62,15,27,0
17552,62,15,27,0
17553,62,15,27,0
17554,62,15,27,0
17555,62,15,27,0
17556,62,15,27,0
17557,62,15,27,0
17558,62,15,27,0
17559,62,15,27,0
17560,62,15,27,0
17561,62,15,27,0
17562,62,15,27,0
17563,62,15,27,0
17564,62,15,27,0
17565,62,15,27,0
17566,62,15,27,0
17567,62,15,27,0
17568,62,15,27,0
17569,62,15,27,0
17570,62,15,27,0
17571,62,15,27,0
17572,62,15,27,0
17573,62,15,27,0
17574,62,15,27,0
17575,62,15,27,0
17576,62,15,27,0
17577,62,15,27,0
17578,62,15,27,0
17579,62,15,27,0
17580,62,15,27,0
17581,62,15,27,0
17582,62,15,27,0
17583,62,15,27,0
17584,62,15,27,0
17585,62,15,27,0
17586,62,15,27,0
17587,62,15,27,0
17588,62,15,27,0
17589,62,15,27,0
17590,62,15,27,0
17591,62,15,27,0
17592,62,15,27,0
17593,62,15,27,0
17594,62,15,27,0
17595,62,15,27,0
17596,62,15,27,0
17597,62,15,27,0
17598,62,15,27,0
17599,62,15,27,0
17600,62,15,27,0
17601,62,15,27,0
17602,62,15,27,0
17603,62,15,27,0
17604,62,15,27,0
17605,62,15,27,0
17606,62,15,27,0
17607,62,15,27,0
17608,62,15,27,0
17609,62,15,27,0
17610,62,15,27,0
17611,62,15,27,0
17612,62,15,27,0
17613,62,15,27,0
17614,62,15,27,0
17615,62,15,27,0
17616,62,15,27,0
17617,62,15,27,0
17618,62,15,27,0
17619,62,15,27,0
17620,62,15,27,0
17621,62,15,27,0
17622,62,15,27,0
17623,62,15,27,0
17624,62,15,27,0
17625,62,15,27,0
17626,62,15,27,0
17627,62,15,27,0
17628,62,15,27,0
17629,62,15,27,0
17630,62,15,27,0
17631,62,15,27,0
17632,62,15,27,0
17633,62,15,27,0
17634,62,15,27,0
17635,62,15,27,0
17636,62,15,27,0
17637,62,15,27,0
17638,62,15,27,0
17639,62,15,27,0
17640,62,15,27,0
17641,62,15,27,0
17642,62,15,27,0
17643,62,15,27,0
17644,62,15,27,0
17645,62,15,27,0
17646,62,15,27,0
17647,62,15,27,0
17648,62,15,27,0
17649,62,15,27,0
17650,62,15,27,0
17651,62,15,27,0
17652,62,15,27,0
17653,62,15,27,0
17654,62,15,27,0
17655,62,15,27,0
17656,62,15,27,0
17657,62,15,27,0
17658,62,15,27,0
17659,62,15,27,0
17660,62,15,27,0
17661,62,15,27,0
17662,62,15,27,0
17663,62,15,27,0
17664,62,15,27,0
17665,62,15,27,0
17666,62,15,27,0
17667,62,15,27,0
17668,62,15,27,0
17669,62,15,27,0
17670,62,15,27,0
17671,62,15,27,0
17672,62,15,27,0
17673,62,15,27,0
17674,62,15,27,0
17675,62,15,27,0
17676,62,15,27,0
17677,62,15,27,0
17678,62,15,27,0
17679,62,15,27,0
17680,62,15,27,0
17681,62,15,27,0
17682,62,15,27,0
17683,62,15,27,0
17684,62,15,27,0
17685,62,15,27,0
17686,62,15,27,0
17687,62,15,27,0
17688,62,15,27,0
17689,62,15,27,0
17690,62,15,27,0
17691,62,15,27,0
17692,62,15,27,0
17693,62,15,27,0
17694,62,15,27,0
17695,62,15,27,0
17696,62,15,27,0
17697,62,15,27,0
17698,62,15,27,0
17699,62,15,27,0
17700,62,15,27,0
17701,62,15,27,0
17702,62,15,27,0
17703,62,15,27,0
17704,62,15,27,0
17705,62,15,27,0
17706,62,15,27,0
17707,62,15,27,0
17708,62,15,27,0
17709,62,15,27,0
17710,62,15,27,0
17711,62,15,27,0
17712,62,15,27,0
17713,62,15,27,0
17714,62,15,27,0
17715,62,15,27,0
17716,62,15,27,0
17717,62,15,27,0
17718,62,15,27,0
17719,62,15,27,0
17720,62,15,27,0
17721,62,15,27,0
17722,62,15,27,0
17723,62,15,27,0
17724,62,15,27,0
17725,62,15,27,0
17726,62,15,27,0
17727,62,15,27,0
17728,62,15,27,0
17729,62,15,27,0
17730,62,15,27,0
17731,62,15,27,0
17732,62,15,27,0
17733,62,15,27,0
17734,62,15,27,0
17735,62,15,27,0
17736,62,15,27,0
17737,62,15,27,0
17738,62,15,27,0
17739,62,15,27,0
17740,62,15,27,0
17741,62,15,27,0
17742,62,15,27,0
17743,62,15,27,0
17744,62,15,27,0
17745,62,15,27,0
17746,62,15,27,0
17747,62,15,27,0
17748,62,15,27,0
17749,62,15,27,0
17750,62,15,27,0
17751,62,15,27,0
17752,62,15,27,0
17753,62,15,27,0
17754,62,15,27,0
17755,62,15,27,0
17756,62,15,27,0
17757,62,15,27,0
17758,62,15,27,0
17759,62,15,27,0
17760,62,15,27,0
17761,62,15,27,0
17762,62,15,27,0
17763,62,15,27,0
17764,62,15,27,0
17765,62,15,27,0
17766,62,15,27,0
17767,62,15,27,0
17768,62,15,27,0
17769,62,15,27,0
17770,62,15,27,0
17771,62,15,27,0
17772,62,15,27,0
17773,62,15,27,0
17774,62,15,27,0
17775,62,15,27,0
17776,62,15,27,0
17777,62,15,27,0
17778,62,15,27,0
17779,62,15,27,0
17780,62,15,27,0
17781,62,15,27,0
17782,62,15,27,0
17783,62,15,27,0
17784,62,15,27,0
17785,62,15,27,0
17786,62,15,27,0
17787,62,15,27,0
17788,62,15,27,0
17789,62,15,27,0
17790,62,15,27,0
17791,62,15,27,0
17792,62,15,27,0
17793,62,15,27,0
17794,62,15,27,0
17795,62,15,27,0
17796,62,15,27,0
17797,62,15,27,0
17798,62,15,27,0
17799,62,15,27,0
17800,62,15,27,0
17801,62,15,27,0
17802,62,15,27,0
17803,62,15,27,0
17804,62,15,27,0
17805,62,15,27,0
17806,62,15,27,0
17807,62,15,27,0
17808,62,15,27,0
17809,62,15,27,0
17810,62,15,27,0
17811,62,15,27,0
17812,62,15,27,0
17813,62,15,27,0
17814,62,15,27,0
17815,62,15,27,0
17816,62,15,27,0
17817,62,15,27,0
17818,62,15,27,0
17819,62,15,27,0
17820,62,15,27,0
17821,62,15,27,0
17822,62,15,27,0
17823,62,15,27,0
17824,62,15,27,0
17825,62,15,27,0
17826,62,15,27,0
17827,62,15,27,0
17828,62,15,27,0
17829,62,15,27,0
17830,62,15,27,0
17831,62,15,27,0
17832,62,15,27,0
17833,62,15,27,0
17834,62,15,27,0
17835,62,15,27,0
17836,62,15,27,0
17837,62,15,27,0
17838,62,15,27,0
17839,62,15,27,0
17840,62,15,27,0
17841,62,15,27,0
17842,62,15,27,0
17843,62,15,27,0
17844,62,15,27,0
17845,62,15,27,0
17846,62,15,27,0
17847,62,15,27,0
17848,62,15,27,0
17849,62,15,27,0
17850,62,15,27,0
17851,62,15,27,0
17852,62,15,27,0
17853,62,15,27,0
17854,62,15,27,0
17855,62,15,27,0
17856,62,15,27,0
17857,62,15,27,0
17858,62,15,27,0
17859,62,15,27,0
17860,62,15,27,0
17861,62,15,27,0
17862,62,15,27,0
17863,62,15,27,0
17864,62,15,27,0
17865,62,15,27,0
17866,62,15,27,0
17867,62,15,27,0
17868,62,15,27,0
17869,62,15,27,0
17870,62,15,27,0
17871,62,15,27,0
17872,62,15,27,0
17873,62,15,27,0
17874,62,15,27,0
17875,62,15,27,0
17876,62,15,27,0
17877,62,15,27,0
17878,62,15,27,0
17879,62,15,27,0
17880,62,15,27,0
17881,62,15,27,0
17882,62,15,27,0
17883,62,15,27,0
17884,62,15,27,0
17885,62,15,27,0
17886,62,15,27,0
17887,62,15,27,0
17888,62,15,27,0
17889,62,15,27,0
17890,62,15,27,0
17891,62,15,27,0
17892,62,15,27,0
17893,62,15,27,0
17894,62,15,27,0
17895,62,15,27,0
17896,62,15,27,0
17897,62,15,27,0
17898,62,15,27,0
17899,62,15,27,0
17900,62,15,27,0
17901,62,15,27,0
17902,62,15,27,0
17903,62,15,27,0
17904,62,15,27,0
17905,62,15,27,0
17906,62,15,27,0
17907,62,15,27,0
17908,62,15,27,0
17909,62,15,27,0
17910,62,15,27,0
17911,62,15,27,0
17912,62,15,27,0
17913,62,15,27,0
17914,62,15,27,0
17915,62,15,27,0
17916,62,15,27,0
17917,62,15,27,0
17918,62,15,27,0
17919,62,15,27,0
17920,62,15,27,0
17921,62,15,27,0
17922,62,15,27,0
17923,62,15,27,0
17924,62,15,27,0
17925,62,15,27,0
17926,62,15,27,0
17927,62,15,27,0
17928,62,15,27,0
17929,62,15,27,0
17930,62,15,27,0
17931,62,15,27,0
17932,62,15,27,0
17933,62,15,27,0
17934,62,15,27,0
17935,62,15,27,0
17936,62,15,27,0
17937,62,15,27,0
17938,62,15,27,0
17939,62,15,27,0
17940,62,15,27,0
17941,62,15,27,0
17942,62,15,27,0
17943,62,15,27,0
17944,62,15,27,0
17945,62,15,27,0
17946,62,15,27,0
17947,62,15,27,0
17948,62,15,27,0
17949,62,15,27,0
17950,62,15,27,0
17951,62,15,27,0
17952,62,15,27,0
17953,62,15,27,0
17954,62,15,27,0
17955,62,15,27,0
17956,62,15,27,0
17957,62,15,27,0
17958,62,15,27,0
17959,62,15,27,0
17960,62,15,27,0
17961,62,15,27,0
17962,62,15,27,0
17963,62,15,27,0
17964,62,15,27,0
17965,62,15,27,0
17966,62,15,27,0
17967,62,15,27,0
17968,62,15,27,0
17969,62,15,27,0
17970,62,15,27,0
17971,62,15,27,0
17972,62,15,27,0
17973,62,15,27,0
17974,62,15,27,0
17975,62,15,27,0
17976,62,15,27,0
17977,62,15,27,0
17978,62,15,27,0
17979,62,15,27,0
17980,62,15,27,0
17981,62,15,27,0
17982,62,15,27,0
17983,62,15,27,0
17984,62,15,27,0
17985,62,15,27,0
17986,62,15,27,0
17987,62,15,27,0
17988,62,15,27,0
17989,62,15,27,0
17990,62,15,27,0
17991,62,15,27,0
17992,62,15,27,0
17993,62,15,27,0
17994,62,15,27,0
17995,62,15,27,0
17996,62,15,27,0
17997,62,15,27,0
17998,62,15,27,0
17999,62,15,27,0
18000,62,15,27,0
18001,62,15,27,0
18002,62,15,27,0
18003,62,15,27,0
18004,62,15,27,0
18005,62,15,27,0
18006,62,15,27,0
18007,62,15,27,0
18008,62,15,27,0
18009,62,15,27,0
18010,62,15,27,0
18011,62,15,27,0
18012,62,15,27,0
18013,62,15,27,0
18014,62,15,27,0
18015,62,15,27,0
18016,62,15,27,0
18017,62,15,27,0
18018,62,15,27,0
18019,62,15,27,0
18020,62,15,27,0
18021,62,15,27,0
18022,62,15,27,0
18023,62,15,27,0
18024,62,15,27,0
18025,62,15,27,0
18026,62,15,27,0
18027,62,15,27,0
18028,62,15,27,0
18029,62,15,27,0
18030,62,15,27,0
18031,62,15,27,0
18032,62,15,27,0
18033,62,15,27,0
18034,62,15,27,0
18035,62,15,27,0
18036,62,15,27,0
18037,62,15,27,0
18038,62,15,27,0
18039,62,15,27,0
18040,62,15,27,0
18041,62,15,27,0
18042,62,15,27,0
18043,62,15,27,0
18044,62,15,27,0
18045,62,15,27,0
18046,62,15,27,0
18047,62,15,27,0
18048,62,15,27,0
18049,62,15,27,0
18050,62,15,27,0
18051,62,15,27,0
18052,62,15,27,0
18053,62,15,27,0
18054,62,15,27,0
18055,62,15,27,0
18056,62,15,27,0
18057,62,15,27,0
18058,62,15,27,0
18059,62,15,27,0
18060,62,15,27,0
18061,62,15,27,0
18062,62,15,27,0
18063,62,15,27,0
18064,62,15,27,0
18065,62,15,27,0
18066,62,15,27,0
18067,62,15,27,0
18068,62,15,27,0
18069,62,15,27,0
18070,62,15,27,0
18071,62,15,27,0
18072,62,15,27,0
18073,62,15,27,0
18074,62,15,27,0
18075,62,15,27,0
18076,62,15,27,0
18077,62,15,27,0
18078,62,15,27,0
18079,62,15,27,0
18080,62,15,27,0
18081,62,15,27,0
18082,62,15,27,0
18083,62,15,27,0
18084,62,15,27,0
18085,62,15,27,0
18086,62,15,27,0
18087,62,15,27,0
18088,62,15,27,0
18089,62,15,27,0
18090,62,15,27,0
18091,62,15,27,0
18092,62,15,27,0
18093,62,15,27,0
18094,62,15,27,0
18095,62,15,27,0
18096,62,15,27,0
18097,62,15,27,0
18098,62,15,27,0
18099,62,15,27,0
18100,62,15,27,0
18101,62,15,27,0
18102,62,15,27,0
18103,62,15,27,0
18104,62,15,27,0
18105,62,15,27,0
18106,62,15,27,0
18107,62,15,27,0
18108,62,15,27,0
18109,62,15,27,0
18110,62,15,27,0
18111,62,15,27,0
18112,62,15,27,0
18113,62,15,27,0
18114,62,15,27,0
18115,62,15,27,0
18116,62,15,27,0
18117,62,15,27,0
18118,62,15,27,0
18119,62,15,27,0
18120,62,15,27,0
18121,62,15,27,0
18122,62,15,27,0
18123,62,15,27,0
18124,62,15,27,0
18125,62,15,27,0
18126,62,15,27,0
18127,62,15,27,0
18128,62,15,27,0
18129,62,15,27,0
18130,62,15,27,0
18131,62,15,27,0
18132,62,15,27,0
18133,62,15,27,0
18134,62,15,27,0
18135,62,15,27,0
18136,62,15,27,0
18137,62,15,27,0
18138,62,15,27,0
18139,62,15,27,0
18140,62,15,27,0
18141,62,15,27,0
18142,62,15,27,0
18143,62,15,27,0
18144,62,15,27,0
18145,62,15,27,0
18146,62,15,27,0
18147,62,15,27,0
18148,62,15,27,0
18149,62,15,27,0
18150,62,15,27,0
18151,62,15,27,0
18152,62,15,27,0
18153,62,15,27,0
18154,62,15,27,0
18155,62,15,27,0
18156,62,15,27,0
18157,62,15,27,0
18158,62,15,27,0
18159,62,15,27,0
18160,62,15,27,0
18161,62,15,27,0
18162,62,15,27,0
18163,62,15,27,0
18164,62,15,27,0
18165,62,15,27,0
18166,62,15,27,0
18167,62,15,27,0
18168,62,15,27,0
18169,62,15,27,0
18170,62,15,27,0
18171,62,15,27,0
18172,62,15,27,0
18173,62,15,27,0
18174,62,15,27,0
18175,62,15,27,0
18176,62,15,27,0
18177,62,15,27,0
18178,62,15,27,0
18179,62,15,27,0
18180,62,15,27,0
18181,62,15,27,0
18182,62,15,27,0
18183,62,15,27,0
18184,62,15,27,0
18185,62,15,27,0
18186,62,15,27,0
18187,62,15,27,0
18188,62,15,27,0
18189,62,15,27,0
18190,62,15,27,0
18191,62,15,27,0
18192,62,15,27,0
18193,62,15,27,0
18194,62,15,27,0
18195,62,15,27,0
18196,62,15,27,0
18197,62,15,27,0
18198,62,15,27,0
18199,62,15,27,0
18200,62,15,27,0
18201,62,15,27,0
18202,62,15,27,0
18203,62,15,27,0
18204,62,15,27,0
18205,62,15,27,0
18206,62,15,27,0
18207,62,15,27,0
18208,62,15,27,0
18209,62,15,27,0
18210,62,15,27,0
18211,62,15,27,0
18212,62,15,27,0
18213,62,15,27,0
18214,62,15,27,0
18215,62,15,27,0
18216,62,15,27,0
18217,62,15,27,0
18218,62,15,27,0
18219,62,15,27,0
18220,62,15,27,0
18221,62,15,27,0
18222,62,15,27,0
18223,62,15,27,0
18224,62,15,27,0
18225,62,15,27,0
18226,62,15,27,0
18227,62,15,27,0
18228,62,15,27,0
18229,62,15,27,0
18230,62,15,27,0
18231,62,15,27,0
18232,62,15,27,0
18233,62,15,27,0
18234,62,15,27,0
18235,62,15,27,0
18236,62,15,27,0
18237,62,15,27,0
18238,62,15,27,0
18239,62,15,27,0
18240,62,15,27,0
18241,62,15,27,0
18242,62,15,27,0
18243,62,15,27,0
18244,62,15,27,0
18245,62,15,27,0
18246,62,15,27,0
18247,62,15,27,0
18248,62,15,27,0
18249,62,15,27,0
18250,62,15,27,0
18251,62,15,27,0
18252,62,15,27,0
18253,62,15,27,0
18254,62,15,27,0
18255,62,15,27,0
18256,62,15,27,0
18257,62,15,27,0
18258,62,15,27,0
18259,62,15,27,0
18260,62,15,27,0
18261,62,15,27,0
18262,62,15,27,0
18263,62,15,27,0
18264,62,15,27,0
18265,62,15,27,0
18266,62,15,27,0
18267,62,15,27,0
18268,62,15,27,0
18269,62,15,27,0
18270,62,15,27,0
18271,62,15,27,0
18272,62,15,27,0
18273,62,15,27,0
18274,62,15,27,0
18275,62,15,27,0
18276,62,15,27,0
18277,62,15,27,0
18278,62,15,27,0
18279,62,15,27,0
18280,62,15,27,0
18281,62,15,27,0
18282,62,15,27,0
18283,62,15,27,0
18284,62,15,27,0
18285,62,15,27,0
18286,62,15,27,0
18287,62,15,27,0
18288,62,15,27,0
18289,62,15,27,0
18290,62,15,27,0
18291,62,15,27,0
18292,62,15,27,0
18293,62,15,27,0
18294,62,15,27,0
18295,62,15,27,0
18296,62,15,27,0
18297,62,15,27,0
18298,62,15,27,0
18299,62,15,27,0
18300,62,15,27,0
18301,62,15,27,0
18302,62,15,27,0
18303,62,15,27,0
18304,62,15,27,0
18305,62,15,27,0
18306,62,15,27,0
18307,62,15,27,0
18308,62,15,27,0
18309,62,15,27,0
18310,62,15,27,0
18311,62,15,27,0
18312,62,15,27,0
18313,62,15,27,0
18314,62,15,27,0
18315,62,15,27,0
18316,62,15,27,0
18317,62,15,27,0
18318,62,15,27,0
18319,62,15,27,0
18320,62,15,27,0
18321,62,15,27,0
18322,62,15,27,0
18323,62,15,27,0
18324,62,15,27,0
18325,62,15,27,0
18326,62,15,27,0
18327,62,15,27,0
18328,62,15,27,0
18329,62,15,27,0
18330,62,15,27,0
18331,62,15,27,0
18332,62,15,27,0
18333,62,15,27,0
18334,62,15,27,0
18335,62,15,27,0
18336,62,15,27,0
18337,62,15,27,0
18338,62,15,27,0
18339,62,15,27,0
18340,62,15,27,0
18341,62,15,27,0
18342,62,15,27,0
18343,62,15,27,0
18344,62,15,27,0
18345,62,15,27,0
18346,62,15,27,0
18347,62,15,27,0
18348,62,15,27,0
18349,62,15,27,0
18350,62,15,27,0
18351,62,15,27,0
18352,62,15,27,0
18353,62,15,27,0
18354,62,15,27,0
18355,62,15,27,0
18356,62,15,27,0
18357,62,15,27,0
18358,62,15,27,0
18359,62,15,27,0
18360,62,15,27,0
18361,62,15,27,0
18362,62,15,27,0
18363,62,15,27,0
18364,62,15,27,0
18365,62,15,27,0
18366,62,15,27,0
18367,62,15,27,0
18368,62,15,27,0
18369,62,15,27,0
18370,62,15,27,0
18371,62,15,27,0
18372,62,15,27,0
18373,62,15,27,0
18374,62,15,27,0
18375,62,15,27,0
18376,62,15,27,0
18377,62,15,27,0
18378,62,15,27,0
18379,62,15,27,0
18380,62,15,27,0
18381,62,15,27,0
18382,62,15,27,0
18383,62,15,27,0
18384,62,15,27,0
18385,62,15,27,0
18386,62,15,27,0
18387,62,15,27,0
18388,62,15,27,0
18389,62,15,27,0
18390,62,15,27,0
18391,62,15,27,0
18392,62,15,27,0
18393,62,15,27,0
18394,62,15,27,0
18395,62,15,27,0
18396,62,15,27,0
18397,62,15,27,0
18398,62,15,27,0
18399,62,15,27,0
18400,62,15,27,0
18401,62,15,27,0
18402,62,15,27,0
18403,62,15,27,0
18404,62,15,27,0
18405,62,15,27,0
18406,62,15,27,0
18407,62,15,27,0
18408,62,15,27,0
18409,62,15,27,0
18410,62,15,27,0
18411,62,15,27,0
18412,62,15,27,0
18413,62,15,27,0
18414,62,15,27,0
18415,62,15,27,0
18416,62,15,27,0
18417,62,15,27,0
18418,62,15,27,0
18419,62,15,27,0
18420,62,15,27,0
18421,62,15,27,0
18422,62,15,27,0
18423,62,15,27,0
18424,62,15,27,0
18425,62,15,27,0
18426,62,15,27,0
18427,62,15,27,0
18428,62,15,27,0
18429,62,15,27,0
18430,62,15,27,0
18431,62,15,27,0
18432,62,15,27,0
18433,62,15,27,0
18434,62,15,27,0
18435,62,15,27,0
18436,62,15,27,0
18437,62,15,27,0
18438,62,15,27,0
18439,62,15,27,0
18440,62,15,27,0
18441,62,15,27,0
18442,62,15,27,0
18443,62,15,27,0
18444,62,15,27,0
18445,62,15,27,0
18446,62,15,27,0
18447,62,15,27,0
18448,62,15,27,0
18449,62,15,27,0
18450,62,15,27,0
18451,62,15,27,0
18452,62,15,27,0
18453,62,15,27,0
18454,62,15,27,0
18455,62,15,27,0
18456,62,15,27,0
18457,62,15,27,0
18458,62,15,27,0
18459,62,15,27,0
18460,62,15,27,0
18461,62,15,27,0
18462,62,15,27,0
18463,62,15,27,0
18464,62,15,27,0
18465,62,15,27,0
18466,62,15,27,0
18467,62,15,27,0
18468,62,15,27,0
18469,62,15,27,0
18470,62,15,27,0
18471,62,15,27,0
18472,62,15,27,0
18473,62,15,27,0
18474,62,15,27,0
18475,62,15,27,0
18476,62,15,27,0
18477,62,15,27,0
18478,62,15,27,0
18479,62,15,27,0
18480,62,15,27,0
18481,62,15,27,0
18482,62,15,27,0
18483,62,15,27,0
18484,62,15,27,0
18485,62,15,27,0
18486,62,15,27,0
18487,62,15,27,0
18488,62,15,27,0
18489,62,15,27,0
18490,62,15,27,0
18491,62,15,27,0
18492,62,15,27,0
18493,62,15,27,0
18494,62,15,27,0
18495,62,15,27,0
18496,62,15,27,0
18497,62,15,27,0
18498,62,15,27,0
18499,62,15,27,0
18500,62,15,27,0
18501,62,15,27,0
18502,62,15,27,0
18503,62,15,27,0
18504,62,15,27,0
18505,62,15,27,0
18506,62,15,27,0
18507,62,15,27,0
18508,62,15,27,0
18509,62,15,27,0
18510,62,15,27,0
18511,62,15,27,0
18512,62,15,27,0
18513,62,15,27,0
18514,62,15,27,0
18515,62,15,27,0
18516,62,15,27,0
18517,62,15,27,0
18518,62,15,27,0
18519,62,15,27,0
18520,62,15,27,0
18521,62,15,27,0
18522,62,15,27,0
18523,62,15,27,0
18524,62,15,27,0
18525,62,15,27,0
18526,62,15,27,0
18527,62,15,27,0
18528,62,15,27,0
18529,62,15,27,0
18530,62,15,27,0
18531,62,15,27,0
18532,62,15,27,0
18533,62,15,27,0
18534,62,15,27,0
18535,62,15,27,0
18536,62,15,27,0
18537,62,15,27,0
18538,62,15,27,0
18539,62,15,27,0
18540,62,15,27,0
18541,62,15,27,0
18542,62,15,27,0
18543,62,15,27,0
18544,62,15,27,0
18545,62,15,27,0
18546,62,15,27,0
18547,62,15,27,0
18548,62,15,27,0
18549,62,15,27,0
18550,62,15,27,0
18551,62,15,27,0
18552,62,15,27,0
18553,62,15,27,0
18554,62,15,27,0
18555,62,15,27,0
18556,62,15,27,0
18557,62,15,27,0
18558,62,15,27,0
18559,62,15,27,0
18560,62,15,27,0
18561,62,15,27,0
18562,62,15,27,0
18563,62,15,27,0
18564,62,15,27,0
18565,62,15,27,0
18566,62,15,27,0
18567,62,15,27,0
18568,62,15,27,0
18569,62,15,27,0
18570,62,15,27,0
18571,62,15,27,0
18572,62,15,27,0
18573,62,15,27,0
18574,62,15,27,0
18575,62,15,27,0
18576,62,15,27,0
18577,62,15,27,0
18578,62,15,27,0
18579,62,15,27,0
18580,62,15,27,0
18581,62,15,27,0
18582,62,15,27,0
18583,62,15,27,0
18584,62,15,27,0
18585,62,15,27,0
18586,62,15,27,0
18587,62,15,27,0
18588,62,15,27,0
18589,62,15,27,0
18590,62,15,27,0
18591,62,15,27,0
18592,62,15,27,0
18593,62,15,27,0
18594,62,15,27,0
18595,62,15,27,0
18596,62,15,27,0
18597,62,15,27,0
18598,62,15,27,0
18599,62,15,27,0
18600,62,15,27,0
18601,62,15,27,0
18602,62,15,27,0
18603,62,15,27,0
18604,62,15,27,0
18605,62,15,27,0
18606,62,15,27,0
18607,62,15,27,0
18608,62,15,27,0
18609,62,15,27,0
18610,62,15,27,0
18611,62,15,27,0
18612,62,15,27,0
18613,62,15,27,0
18614,62,15,27,0
18615,62,15,27,0
18616,62,15,27,0
18617,62,15,27,0
18618,62,15,27,0
18619,62,15,27,0
18620,62,15,27,0
18621,62,15,27,0
18622,62,15,27,0
18623,62,15,27,0
18624,62,15,27,0
18625,62,15,27,0
18626,62,15,27,0
18627,62,15,27,0
18628,62,15,27,0
18629,62,15,27,0
18630,62,15,27,0
18631,62,15,27,0
18632,62,15,27,0
18633,62,15,27,0
18634,62,15,27,0
18635,62,15,27,0
18636,62,15,27,0
18637,62,15,27,0
18638,62,15,27,0
18639,62,15,27,0
18640,62,15,27,0
18641,62,15,27,0
18642,62,15,27,0
18643,62,15,27,0
18644,62,15,27,0
18645,62,15,27,0
18646,62,15,27,0
18647,62,15,27,0
18648,62,15,27,0
18649,62,15,27,0
18650,62,15,27,0
18651,62,15,27,0
18652,62,15,27,0
18653,62,15,27,0
18654,62,15,27,0
18655,62,15,27,0
18656,62,15,27,0
18657,62,15,27,0
18658,62,15,27,0
18659,62,15,27,0
18660,62,15,27,0
18661,62,15,27,0
18662,62,15,27,0
18663,62,15,27,0
18664,62,15,27,0
18665,62,15,27,0
18666,62,15,27,0
18667,62,15,27,0
18668,62,15,27,0
18669,62,15,27,0
18670,62,15,27,0
18671,62,15,27,0
18672,62,15,27,0
18673,62,15,27,0
18674,62,15,27,0
18675,62,15,27,0
18676,62,15,27,0
18677,62,15,27,0
18678,62,15,27,0
18679,62,15,27,0
18680,62,15,27,0
18681,62,15,27,0
18682,62,15,27,0
18683,62,15,27,0
18684,62,15,27,0
18685,62,15,27,0
18686,62,15,27,0
18687,62,15,27,0
18688,62,15,27,0
18689,62,15,27,0
18690,62,15,27,0
18691,62,15,27,0
18692,62,15,27,0
18693,62,15,27,0
18694,62,15,27,0
18695,62,15,27,0
18696,62,15,27,0
18697,62,15,27,0
18698,62,15,27,0
18699,62,15,27,0
18700,62,15,27,0
18701,62,15,27,0
18702,62,15,27,0
18703,62,15,27,0
18704,62,15,27,0
18705,62,15,27,0
18706,62,15,27,0
18707,62,15,27,0
18708,62,15,27,0
18709,62,15,27,0
18710,62,15,27,0
18711,62,15,27,0
18712,62,15,27,0
18713,62,15,27,0
18714,62,15,27,0
18715,62,15,27,0
18716,62,15,27,0
18717,62,15,27,0
18718,62,15,27,0
18719,62,15,27,0
18720,62,15,27,0
18721,62,15,27,0
18722,62,15,27,0
18723,62,15,27,0
18724,62,15,27,0
18725,62,15,27,0
18726,62,15,27,0
18727,62,15,27,0
18728,62,15,27,0
18729,62,15,27,0
18730,62,15,27,0
18731,62,15,27,0
18732,62,15,27,0
18733,62,15,27,0
18734,62,15,27,0
18735,62,15,27,0
18736,62,15,27,0
18737,62,15,27,0
18738,62,15,27,0
18739,62,15,27,0
18740,62,15,27,0
18741,62,15,27,0
18742,62,15,27,0
18743,62,15,27,0
18744,62,15,27,0
18745,62,15,27,0
18746,62,15,27,0
18747,62,15,27,0
18748,62,15,27,0
18749,62,15,27,0
18750,62,15,27,0
18751,62,15,27,0
18752,62,15,27,0
18753,62,15,27,0
18754,62,15,27,0
18755,62,15,27,0
18756,62,15,27,0
18757,62,15,27,0
18758,62,15,27,0
18759,62,15,27,0
18760,62,15,27,0
18761,62,15,27,0
18762,62,15,27,0
18763,62,15,27,0
18764,62,15,27,0
18765,62,15,27,0
18766,62,15,27,0
18767,62,15,27,0
18768,62,15,27,0
18769,62,15,27,0
18770,62,15,27,0
18771,62,15,27,0
18772,62,15,27,0
18773,62,15,27,0
18774,62,15,27,0
18775,62,15,27,0
18776,62,15,27,0
18777,62,15,27,0
18778,62,15,27,0
18779,62,15,27,0
18780,62,15,27,0
18781,62,15,27,0
18782,62,15,27,0
18783,62,15,27,0
18784,62,15,27,0
18785,62,15,27,0
18786,62,15,27,0
18787,62,15,27,0
18788,62,15,27,0
18789,62,15,27,0
18790,62,15,27,0
18791,62,15,27,0
18792,62,15,27,0
18793,62,15,27,0
18794,62,15,27,0
18795,62,15,27,0
18796,62,15,27,0
18797,62,15,27,0
18798,62,15,27,0
18799,62,15,27,0
18800,62,15,27,0
18801,62,15,27,0
18802,62,15,27,0
18803,62,15,27,0
18804,62,15,27,0
18805,62,15,27,0
18806,62,15,27,0
18807,62,15,27,0
18808,62,15,27,0
18809,62,15,27,0
18810,62,15,27,0
18811,62,15,27,0
18812,62,15,27,0
18813,62,15,27,0
18814,62,15,27,0
18815,62,15,27,0
18816,62,15,27,0
18817,62,15,27,0
18818,62,15,27,0
18819,62,15,27,0
18820,62,15,27,0
18821,62,15,27,0
18822,62,15,27,0
18823,62,15,27,0
18824,62,15,27,0
18825,62,15,27,0
18826,62,15,27,0
18827,62,15,27,0
18828,62,15,27,0
18829,62,15,27,0
18830,62,15,27,0
18831,62,15,27,0
18832,62,15,27,0
18833,62,15,27,0
18834,62,15,27,0
18835,62,15,27,0
18836,62,15,27,0
18837,62,15,27,0
18838,62,15,27,0
18839,62,15,27,0
18840,62,15,27,0
18841,62,15,27,0
18842,62,15,27,0
18843,62,15,27,0
18844,62,15,27,0
18845,62,15,27,0
18846,62,15,27,0
18847,62,15,27,0
18848,62,15,27,0
18849,62,15,27,0
18850,62,15,27,0
18851,62,15,27,0
18852,62,15,27,0
18853,62,15,27,0
18854,62,15,27,0
18855,62,15,27,0
18856,62,15,27,0
18857,62,15,27,0
18858,62,15,27,0
18859,62,15,27,0
18860,62,15,27,0
18861,62,15,27,0
18862,62,15,27,0
18863,62,15,27,0
18864,62,15,27,0
18865,62,15,27,0
18866,62,15,27,0
18867,62,15,27,0
18868,62,15,27,0
18869,62,15,27,0
18870,62,15,27,0
18871,62,15,27,0
18872,62,15,27,0
18873,62,15,27,0
18874,62,15,27,0
18875,62,15,27,0
18876,62,15,27,0
18877,62,15,27,0
18878,62,15,27,0
18879,62,15,27,0
18880,62,15,27,0
18881,62,15,27,0
18882,62,15,27,0
18883,62,15,27,0
18884,62,15,27,0
18885,62,15,27,0
18886,62,15,27,0
18887,62,15,27,0
18888,62,15,27,0
18889,62,15,27,0
18890,62,15,27,0
18891,62,15,27,0
18892,62,15,27,0
18893,62,15,27,0
18894,62,15,27,0
18895,62,15,27,0
18896,62,15,27,0
18897,62,15,27,0
18898,62,15,27,0
18899,62,15,27,0
18900,62,15,27,0
18901,62,15,27,0
18902,62,15,27,0
18903,62,15,27,0
18904,62,15,27,0
18905,62,15,27,0
18906,62,15,27,0
18907,62,15,27,0
18908,62,15,27,0
18909,62,15,27,0
18910,62,15,27,0
18911,62,15,27,0
18912,62,15,27,0
18913,62,15,27,0
18914,62,15,27,0
18915,62,15,27,0
18916,62,15,27,0
18917,62,15,27,0
18918,62,15,27,0
18919,62,15,27,0
18920,62,15,27,0
18921,62,15,27,0
18922,62,15,27,0
18923,62,15,27,0
18924,62,15,27,0
18925,62,15,27,0
18926,62,15,27,0
18927,62,15,27,0
18928,62,15,27,0
18929,62,15,27,0
18930,62,15,27,0
18931,62,15,27,0
18932,62,15,27,0
18933,62,15,27,0
18934,62,15,27,0
18935,62,15,27,0
18936,62,15,27,0
18937,62,15,27,0
18938,62,15,27,0
18939,62,15,27,0
18940,62,15,27,0
18941,62,15,27,0
18942,62,15,27,0
18943,62,15,27,0
18944,62,15,27,0
18945,62,15,27,0
18946,62,15,27,0
18947,62,15,27,0
18948,62,15,27,0
18949,62,15,27,0
18950,62,15,27,0
18951,62,15,27,0
18952,62,15,27,0
18953,62,15,27,0
18954,62,15,27,0
18955,62,15,27,0
18956,62,15,27,0
18957,62,15,27,0
18958,62,15,27,0
18959,62,15,27,0
18960,62,15,27,0
18961,62,15,27,0
18962,62,15,27,0
18963,62,15,27,0
18964,62,15,27,0
18965,62,15,27,0
18966,62,15,27,0
18967,62,15,27,0
18968,62,15,27,0
18969,62,15,27,0
18970,62,15,27,0
18971,62,15,27,0
18972,62,15,27,0
18973,62,15,27,0
18974,62,15,27,0
18975,62,15,27,0
18976,62,15,27,0
18977,62,15,27,0
18978,62,15,27,0
18979,62,15,27,0
18980,62,15,27,0
18981,62,15,27,0
18982,62,15,27,0
18983,62,15,27,0
18984,62,15,27,0
18985,62,15,27,0
18986,62,15,27,0
18987,62,15,27,0
18988,62,15,27,0
18989,62,15,27,0
18990,62,15,27,0
18991,62,15,27,0
18992,62,15,27,0
18993,62,15,27,0
18994,62,15,27,0
18995,62,15,27,0
18996,62,15,27,0
18997,62,15,27,0
18998,62,15,27,0
18999,62,15,27,0
19000,62,15,27,0
19001,62,15,27,0
19002,62,15,27,0
19003,62,15,27,0
19004,62,15,27,0
19005,62,15,27,0
19006,62,15,27,0
19007,62,15,27,0
19008,62,15,27,0
19009,62,15,27,0
19010,62,15,27,0
19011,62,15,27,0
19012,62,15,27,0
19013,62,15,27,0
19014,62,15,27,0
19015,62,15,27,0
19016,62,15,27,0
19017,62,15,27,0
19018,62,15,27,0
19019,62,15,27,0
19020,62,15,27,0
19021,62,15,27,0
19022,62,15,27,0
19023,62,15,27,0
19024,62,15,27,0
19025,62,15,27,0
19026,62,15,27,0
19027,62,15,27,0
19028,62,15,27,0
19029,62,15,27,0
19030,62,15,27,0
19031,62,15,27,0
19032,62,15,27,0
19033,62,15,27,0
19034,62,15,27,0
19035,62,15,27,0
19036,62,15,27,0
19037,62,15,27,0
19038,62,15,27,0
19039,62,15,27,0
19040,62,15,27,0
19041,62,15,27,0
19042,62,15,27,0
19043,62,15,27,0
19044,62,15,27,0
19045,62,15,27,0
19046,62,15,27,0
19047,62,15,27,0
19048,62,15,27,0
19049,62,15,27,0
19050,62,15,27,0
19051,62,15,27,0
19052,62,15,27,0
19053,62,15,27,0
19054,62,15,27,0
19055,62,15,27,0
19056,62,15,27,0
19057,62,15,27,0
19058,62,15,27,0
19059,62,15,27,0
19060,62,15,27,0
19061,62,15,27,0
19062,62,15,27,0
19063,62,15,27,0
19064,62,15,27,0
19065,62,15,27,0
19066,62,15,27,0
19067,62,15,27,0
19068,62,15,27,0
19069,62,15,27,0
19070,62,15,27,0
19071,62,15,27,0
19072,62,15,27,0
19073,62,15,27,0
19074,62,15,27,0
19075,62,15,27,0
19076,62,15,27,0
19077,62,15,27,0
19078,62,15,27,0
19079,62,15,27,0
19080,62,15,27,0
19081,62,15,27,0
19082,62,15,27,0
19083,62,15,27,0
19084,62,15,27,0
19085,62,15,27,0
19086,62,15,27,0
19087,62,15,27,0
19088,62,15,27,0
19089,62,15,27,0
19090,62,15,27,0
19091,62,15,27,0
19092,62,15,27,0
19093,62,15,27,0
19094,62,15,27,0
19095,62,15,27,0
19096,62,15,27,0
19097,62,15,27,0
19098,62,15,27,0
19099,62,15,27,0
19100,62,15,27,0
19101,62,15,27,0
19102,62,15,27,0
19103,62,15,27,0
19104,62,15,27,0
19105,62,15,27,0
19106,62,15,27,0
19107,62,15,27,0
19108,62,15,27,0
19109,62,15,27,0
19110,62,15,27,0
19111,62,15,27,0
19112,62,15,27,0
19113,62,15,27,0
19114,62,15,27,0
19115,62,15,27,0
19116,62,15,27,0
19117,62,15,27,0
19118,62,15,27,0
19119,62,15,27,0
19120,62,15,27,0
19121,62,15,27,0
19122,62,15,27,0
19123,62,15,27,0
19124,62,15,27,0
19125,62,15,27,0
19126,62,15,27,0
19127,62,15,27,0
19128,62,15,27,0
19129,62,15,27,0
19130,62,15,27,0
19131,62,15,27,0
19132,62,15,27,0
19133,62,15,27,0
19134,62,15,27,0
19135,62,15,27,0
19136,62,15,27,0
19137,62,15,27,0
19138,62,15,27,0
19139,62,15,27,0
19140,62,15,27,0
19141,62,15,27,0
19142,62,15,27,0
19143,62,15,27,0
19144,62,15,27,0
19145,62,15,27,0
19146,62,15,27,0
19147,62,15,27,0
19148,62,15,27,0
19149,62,15,27,0
19150,62,15,27,0
19151,62,15,27,0
19152,62,15,27,0
19153,62,15,27,0
19154,62,15,27,0
19155,62,15,27,0
19156,62,15,27,0
19157,62,15,27,0
19158,62,15,27,0
19159,62,15,27,0
19160,62,15,27,0
19161,62,15,27,0
19162,62,15,27,0
19163,62,15,27,0
19164,62,15,27,0
19165,62,15,27,0
19166,62,15,27,0
19167,62,15,27,0
19168,62,15,27,0
19169,62,15,27,0
19170,62,15,27,0
19171,62,15,27,0
19172,62,15,27,0
19173,62,15,27,0
19174,62,15,27,0
19175,62,15,27,0
19176,62,15,27,0
19177,62,15,27,0
19178,62,15,27,0
19179,62,15,27,0
19180,62,15,27,0
19181,62,15,27,0
19182,62,15,27,0
19183,62,15,27,0
19184,62,15,27,0
19185,62,15,27,0
19186,62,15,27,0
19187,62,15,27,0
19188,62,15,27,0
19189,62,15,27,0
19190,62,15,27,0
19191,62,15,27,0
19192,62,15,27,0
19193,62,15,27,0
19194,62,15,27,0
19195,62,15,27,0
19196,62,15,27,0
19197,62,15,27,0
19198,62,15,27,0
19199,62,15,27,0
19200,62,15,27,0
19201,62,15,27,0
19202,62,15,27,0
19203,62,15,27,0
19204,62,15,27,0
19205,62,15,27,0
19206,62,15,27,0
19207,62,15,27,0
19208,62,15,27,0
19209,62,15,27,0
19210,62,15,27,0
19211,62,15,27,0
19212,62,15,27,0
19213,62,15,27,0
19214,62,15,27,0
19215,62,15,27,0
19216,62,15,27,0
19217,62,15,27,0
19218,62,15,27,0
19219,62,15,27,0
19220,62,15,27,0
19221,62,15,27,0
19222,62,15,27,0
19223,62,15,27,0
19224,62,15,27,0
19225,62,15,27,0
19226,62,15,27,0
19227,62,15,27,0
19228,62,15,27,0
19229,62,15,27,0
19230,62,15,27,0
19231,62,15,27,0
19232,62,15,27,0
19233,62,15,27,0
19234,62,15,27,0
19235,62,15,27,0
19236,62,15,27,0
19237,62,15,27,0
19238,62,15,27,0
19239,62,15,27,0
19240,62,15,27,0
19241,62,15,27,0
19242,62,15,27,0
19243,62,15,27,0
19244,62,15,27,0
19245,62,15,27,0
19246,62,15,27,0
19247,62,15,27,0
19248,62,15,27,0
19249,62,15,27,0
19250,62,15,27,0
19251,62,15,27,0
19252,62,15,27,0
19253,62,15,27,0
19254,62,15,27,0
19255,62,15,27,0
19256,62,15,27,0
19257,62,15,27,0
19258,62,15,27,0
19259,62,15,27,0
19260,62,15,27,0
19261,62,15,27,0
19262,62,15,27,0
19263,62,15,27,0
19264,62,15,27,0
19265,62,15,27,0
19266,62,15,27,0
19267,62,15,27,0
19268,62,15,27,0
19269,62,15,27,0
19270,62,15,27,0
19271,62,15,27,0
19272,62,15,27,0
19273,62,15,27,0
19274,62,15,27,0
19275,62,15,27,0
19276,62,15,27,0
19277,62,15,27,0
19278,62,15,27,0
19279,62,15,27,0
19280,62,15,27,0
19281,62,15,27,0
19282,62,15,27,0
19283,62,15,27,0
19284,62,15,27,0
19285,62,15,27,0
19286,62,15,27,0
19287,62,15,27,0
19288,62,15,27,0
19289,62,15,27,0
19290,62,15,27,0
19291,62,15,27,0
19292,62,15,27,0
19293,62,15,27,0
19294,62,15,27,0
19295,62,15,27,0
19296,62,15,27,0
19297,62,15,27,0
19298,62,15,27,0
19299,62,15,27,0
19300,62,15,27,0
19301,62,15,27,0
19302,62,15,27,0
19303,62,15,27,0
19304,62,15,27,0
19305,62,15,27,0
19306,62,15,27,0
19307,62,15,27,0
19308,62,15,27,0
19309,62,15,27,0
19310,62,15,27,0
19311,62,15,27,0
19312,62,15,27,0
19313,62,15,27,0
19314,62,15,27,0
19315,62,15,27,0
19316,62,15,27,0
19317,62,15,27,0
19318,62,15,27,0
19319,62,15,27,0
19320,62,15,27,0
19321,62,15,27,0
19322,62,15,27,0
19323,62,15,27,0
19324,62,15,27,0
19325,62,15,27,0
19326,62,15,27,0
19327,62,15,27,0
19328,62,15,27,0
19329,62,15,27,0
19330,62,15,27,0
19331,62,15,27,0
19332,62,15,27,0
19333,62,15,27,0
19334,62,15,27,0
19335,62,15,27,0
19336,62,15,27,0
19337,62,15,27,0
19338,62,15,27,0
19339,62,15,27,0
19340,62,15,27,0
19341,62,15,27,0
19342,62,15,27,0
19343,62,15,27,0
19344,62,15,27,0
19345,62,15,27,0
19346,62,15,27,0
19347,62,15,27,0
19348,62,15,27,0
19349,62,15,27,0
19350,62,15,27,0
19351,62,15,27,0
19352,62,15,27,0
19353,62,15,27,0
19354,62,15,27,0
19355,62,15,27,0
19356,62,15,27,0
19357,62,15,27,0
19358,62,15,27,0
19359,62,15,27,0
19360,62,15,27,0
19361,62,15,27,0
19362,62,15,27,0
19363,62,15,27,0
19364,62,15,27,0
19365,62,15,27,0
19366,62,15,27,0
19367,62,15,27,0
19368,62,15,27,0
19369,62,15,27,0
19370,62,15,27,0
19371,62,15,27,0
19372,62,15,27,0
19373,62,15,27,0
19374,62,15,27,0
19375,62,15,27,0
19376,62,15,27,0
19377,62,15,27,0
19378,62,15,27,0
19379,62,15,27,0
19380,62,15,27,0
19381,62,15,27,0
19382,62,15,27,0
19383,62,15,27,0
19384,62,15,27,0
19385,62,15,27,0
19386,62,15,27,0
19387,62,15,27,0
19388,62,15,27,0
19389,62,15,27,0
19390,62,15,27,0
19391,62,15,27,0
19392,62,15,27,0
19393,62,15,27,0
19394,62,15,27,0
19395,62,15,27,0
19396,62,15,27,0
19397,62,15,27,0
19398,62,15,27,0
19399,62,15,27,0
19400,62,15,27,0
19401,62,15,27,0
19402,62,15,27,0
19403,62,15,27,0
19404,62,15,27,0
19405,62,15,27,0
19406,62,15,27,0
19407,62,15,27,0
19408,62,15,27,0
19409,62,15,27,0
19410,62,15,27,0
19411,62,15,27,0
19412,62,15,27,0
19413,62,15,27,0
19414,62,15,27,0
19415,62,15,27,0
19416,62,15,27,0
19417,62,15,27,0
19418,62,15,27,0
19419,62,15,27,0
19420,62,15,27,0
19421,62,15,27,0
19422,62,15,27,0
19423,62,15,27,0
19424,62,15,27,0
19425,62,15,27,0
19426,62,15,27,0
19427,62,15,27,0
19428,62,15,27,0
19429,62,15,27,0
19430,62,15,27,0
19431,62,15,27,0
19432,62,15,27,0
19433,62,15,27,0
19434,62,15,27,0
19435,62,15,27,0
19436,62,15,27,0
19437,62,15,27,0
19438,62,15,27,0
19439,62,15,27,0
19440,62,15,27,0
19441,62,15,27,0
19442,62,15,27,0
19443,62,15,27,0
19444,62,15,27,0
19445,62,15,27,0
19446,62,15,27,0
19447,62,15,27,0
19448,62,15,27,0
19449,62,15,27,0
19450,62,15,27,0
19451,62,15,27,0
19452,62,15,27,0
19453,62,15,27,0
19454,62,15,27,0
19455,62,15,27,0
19456,62,15,27,0
19457,62,15,27,0
19458,62,15,27,0
19459,62,15,27,0
19460,62,15,27,0
19461,62,15,27,0
19462,62,15,27,0
19463,62,15,27,0
19464,62,15,27,0
19465,62,15,27,0
19466,62,15,27,0
19467,62,15,27,0
19468,62,15,27,0
19469,62,15,27,0
19470,62,15,27,0
19471,62,15,27,0
19472,62,15,27,0
19473,62,15,27,0
19474,62,15,27,0
19475,62,15,27,0
19476,62,15,27,0
19477,62,15,27,0
19478,62,15,27,0
19479,62,15,27,0
19480,62,15,27,0
19481,62,15,27,0
19482,62,15,27,0
19483,62,15,27,0
19484,62,15,27,0
19485,62,15,27,0
19486,62,15,27,0
19487,62,15,27,0
19488,62,15,27,0
19489,62,15,27,0
19490,62,15,27,0
19491,62,15,27,0
19492,62,15,27,0
19493,62,15,27,0
19494,62,15,27,0
19495,62,15,27,0
19496,62,15,27,0
19497,62,15,27,0
19498,62,15,27,0
19499,62,15,27,0
19500,62,15,27,0
19501,62,15,27,0
19502,62,15,27,0
19503,62,15,27,0
19504,62,15,27,0
19505,62,15,27,0
19506,62,15,27,0
19507,62,15,27,0
19508,62,15,27,0
19509,62,15,27,0
19510,62,15,27,0
19511,62,15,27,0
19512,62,15,27,0
19513,62,15,27,0
19514,62,15,27,0
19515,62,15,27,0
19516,62,15,27,0
19517,62,15,27,0
19518,62,15,27,0
19519,62,15,27,0
19520,62,15,27,0
19521,62,15,27,0
19522,62,15,27,0
19523,62,15,27,0
19524,62,15,27,0
19525,62,15,27,0
19526,62,15,27,0
19527,62,15,27,0
19528,62,15,27,0
19529,62,15,27,0
19530,62,15,27,0
19531,62,15,27,0
19532,62,15,27,0
19533,62,15,27,0
19534,62,15,27,0
19535,62,15,27,0
19536,62,15,27,0
19537,62,15,27,0
19538,62,15,27,0
19539,62,15,27,0
19540,62,15,27,0
19541,62,15,27,0
19542,62,15,27,0
19543,62,15,27,0
19544,62,15,27,0
19545,62,15,27,0
19546,62,15,27,0
19547,62,15,27,0
19548,62,15,27,0
19549,62,15,27,0
19550,62,15,27,0
19551,62,15,27,0
19552,62,15,27,0
19553,62,15,27,0
19554,62,15,27,0
19555,62,15,27,0
19556,62,15,27,0
19557,62,15,27,0
19558,62,15,27,0
19559,62,15,27,0
19560,62,15,27,0
19561,62,15,27,0
19562,62,15,27,0
19563,62,15,27,0
19564,62,15,27,0
19565,62,15,27,0
19566,62,15,27,0
19567,62,15,27,0
19568,62,15,27,0
19569,62,15,27,0
19570,62,15,27,0
19571,62,15,27,0
19572,62,15,27,0
19573,62,15,27,0
19574,62,15,27,0
19575,62,15,27,0
19576,62,15,27,0
19577,62,15,27,0
19578,62,15,27,0
19579,62,15,27,0
19580,62,15,27,0
19581,62,15,27,0
19582,62,15,27,0
19583,62,15,27,0
19584,62,15,27,0
19585,62,15,27,0
19586,62,15,27,0
19587,62,15,27,0
19588,62,15,27,0
19589,62,15,27,0
19590,62,15,27,0
19591,62,15,27,0
19592,62,15,27,0
19593,62,15,27,0
19594,62,15,27,0
19595,62,15,27,0
19596,62,15,27,0
19597,62,15,27,0
19598,62,15,27,0
19599,62,15,27,0
19600,62,15,27,0
19601,62,15,27,0
19602,62,15,27,0
19603,62,15,27,0
19604,62,15,27,0
19605,62,15,27,0
19606,62,15,27,0
19607,62,15,27,0
19608,62,15,27,0
19609,62,15,27,0
19610,62,15,27,0
19611,62,15,27,0
19612,62,15,27,0
19613,62,15,27,0
19614,62,15,27,0
19615,62,15,27,0
19616,62,15,27,0
19617,62,15,27,0
19618,62,15,27,0
19619,62,15,27,0
19620,62,15,27,0
19621,62,15,27,0
19622,62,15,27,0
19623,62,15,27,0
19624,62,15,27,0
19625,62,15,27,0
19626,62,15,27,0
19627,62,15,27,0
19628,62,15,27,0
19629,62,15,27,0
19630,62,15,27,0
19631,62,15,27,0
19632,62,15,27,0
19633,62,15,27,0
19634,62,15,27,0
19635,62,15,27,0
19636,62,15,27,0
19637,62,15,27,0
19638,62,15,27,0
19639,62,15,27,0
19640,62,15,27,0
19641,62,15,27,0
19642,62,15,27,0
19643,62,15,27,0
19644,62,15,27,0
19645,62,15,27,0
19646,62,15,27,0
19647,62,15,27,0
19648,62,15,27,0
19649,62,15,27,0
19650,62,15,27,0
19651,62,15,27,0
19652,62,15,27,0
19653,62,15,27,0
19654,62,15,27,0
19655,62,15,27,0
19656,62,15,27,0
19657,62,15,27,0
19658,62,15,27,0
19659,62,15,27,0
19660,62,15,27,0
19661,62,15,27,0
19662,62,15,27,0
19663,62,15,27,0
19664,62,15,27,0
19665,62,15,27,0
19666,62,15,27,0
19667,62,15,27,0
19668,62,15,27,0
19669,62,15,27,0
19670,62,15,27,0
19671,62,15,27,0
19672,62,15,27,0
19673,62,15,27,0
19674,62,15,27,0
19675,62,15,27,0
19676,62,15,27,0
19677,62,15,27,0
19678,62,15,27,0
19679,62,15,27,0
19680,62,15,27,0
19681,62,15,27,0
19682,62,15,27,0
19683,62,15,27,0
19684,62,15,27,0
19685,62,15,27,0
19686,62,15,27,0
19687,62,15,27,0
19688,62,15,27,0
19689,62,15,27,0
19690,62,15,27,0
19691,62,15,27,0
19692,62,15,27,0
19693,62,15,27,0
19694,62,15,27,0
19695,62,15,27,0
19696,62,15,27,0
19697,62,15,27,0
19698,62,15,27,0
19699,62,15,27,0
19700,62,15,27,0
19701,62,15,27,0
19702,62,15,27,0
19703,62,15,27,0
19704,62,15,27,0
19705,62,15,27,0
19706,62,15,27,0
19707,62,15,27,0
19708,62,15,27,0
19709,62,15,27,0
19710,62,15,27,0
19711,62,15,27,0
19712,62,15,27,0
19713,62,15,27,0
19714,62,15,27,0
19715,62,15,27,0
19716,62,15,27,0
19717,62,15,27,0
19718,62,15,27,0
19719,62,15,27,0
19720,62,15,27,0
19721,62,15,27,0
19722,62,15,27,0
19723,62,15,27,0
19724,62,15,27,0
19725,62,15,27,0
19726,62,15,27,0
19727,62,15,27,0
19728,62,15,27,0
19729,62,15,27,0
19730,62,15,27,0
19731,62,15,27,0
19732,62,15,27,0
19733,62,15,27,0
19734,62,15,27,0
19735,62,15,27,0
19736,62,15,27,0
19737,62,15,27,0
19738,62,15,27,0
19739,62,15,27,0
19740,62,15,27,0
19741,62,15,27,0
19742,62,15,27,0
19743,62,15,27,0
19744,62,15,27,0
19745,62,15,27,0
19746,62,15,27,0
19747,62,15,27,0
19748,62,15,27,0
19749,62,15,27,0
19750,62,15,27,0
19751,62,15,27,0
19752,62,15,27,0
19753,62,15,27,0
19754,62,15,27,0
19755,62,15,27,0
19756,62,15,27,0
19757,62,15,27,0
19758,62,15,27,0
19759,62,15,27,0
19760,62,15,27,0
19761,62,15,27,0
19762,62,15,27,0
19763,62,15,27,0
19764,62,15,27,0
19765,62,15,27,0
19766,62,15,27,0
19767,62,15,27,0
19768,62,15,27,0
19769,62,15,27,0
19770,62,15,27,0
19771,62,15,27,0
19772,62,15,27,0
19773,62,15,27,0
19774,62,15,27,0
19775,62,15,27,0
19776,62,15,27,0
19777,62,15,27,0
19778,62,15,27,0
19779,62,15,27,0
19780,62,15,27,0
19781,62,15,27,0
19782,62,15,27,0
19783,62,15,27,0
19784,62,15,27,0
19785,62,15,27,0
19786,62,15,27,0
19787,62,15,27,0
19788,62,15,27,0
19789,62,15,27,0
19790,62,15,27,0
19791,62,15,27,0
19792,62,15,27,0
19793,62,15,27,0
19794,62,15,27,0
19795,62,15,27,0
19796,62,15,27,0
19797,62,15,27,0
19798,62,15,27,0
19799,62,15,27,0
19800,62,15,27,0
19801,62,15,27,0
19802,62,15,27,0
19803,62,15,27,0
19804,62,15,27,0
19805,62,15,27,0
19806,62,15,27,0
19807,62,15,27,0
19808,62,15,27,0
19809,62,15,27,0
19810,62,15,27,0
19811,62,15,27,0
19812,62,15,27,0
19813,62,15,27,0
19814,62,15,27,0
19815,62,15,27,0
19816,62,15,27,0
19817,62,15,27,0
19818,62,15,27,0
19819,62,15,27,0
19820,62,15,27,0
19821,62,15,27,0
19822,62,15,27,0
19823,62,15,27,0
19824,62,15,27,0
19825,62,15,27,0
19826,62,15,27,0
19827,62,15,27,0
19828,62,15,27,0
19829,62,15,27,0
19830,62,15,27,0
19831,62,15,27,0
19832,62,15,27,0
19833,62,15,27,0
19834,62,15,27,0
19835,62,15,27,0
19836,62,15,27,0
19837,62,15,27,0
19838,62,15,27,0
19839,62,15,27,0
19840,62,15,27,0
19841,62,15,27,0
19842,62,15,27,0
19843,62,15,27,0
19844,62,15,27,0
19845,62,15,27,0
19846,62,15,27,0
19847,62,15,27,0
19848,62,15,27,0
19849,62,15,27,0
19850,62,15,27,0
19851,62,15,27,0
19852,62,15,27,0
19853,62,15,27,0
19854,62,15,27,0
19855,62,15,27,0
19856,62,15,27,0
19857,62,15,27,0
19858,62,15,27,0
19859,62,15,27,0
19860,62,15,27,0
19861,62,15,27,0
19862,62,15,27,0
19863,62,15,27,0
19864,62,15,27,0
19865,62,15,27,0
19866,62,15,27,0
19867,62,15,27,0
19868,62,15,27,0
19869,62,15,27,0
19870,62,15,27,0
19871,62,15,27,0
19872,62,15,27,0
19873,62,15,27,0
19874,62,15,27,0
19875,62,15,27,0
19876,62,15,27,0
19877,62,15,27,0
19878,62,15,27,0
19879,62,15,27,0
19880,62,15,27,0
19881,62,15,27,0
19882,62,15,27,0
19883,62,15,27,0
19884,62,15,27,0
19885,62,15,27,0
19886,62,15,27,0
19887,62,15,27,0
19888,62,15,27,0
19889,62,15,27,0
19890,62,15,27,0
19891,62,15,27,0
19892,62,15,27,0
19893,62,15,27,0
19894,62,15,27,0
19895,62,15,27,0
19896,62,15,27,0
19897,62,15,27,0
19898,62,15,27,0
19899,62,15,27,0
19900,62,15,27,0
19901,62,15,27,0
19902,62,15,27,0
19903,62,15,27,0
19904,62,15,27,0
19905,62,15,27,0
19906,62,15,27,0
19907,62,15,27,0
19908,62,15,27,0
19909,62,15,27,0
19910,62,15,27,0
19911,62,15,27,0
19912,62,15,27,0
19913,62,15,27,0
19914,62,15,27,0
19915,62,15,27,0
19916,62,15,27,0
19917,62,15,27,0
19918,62,15,27,0
19919,62,15,27,0
19920,62,15,27,0
19921,62,15,27,0
19922,62,15,27,0
19923,62,15,27,0
19924,62,15,27,0
19925,62,15,27,0
19926,62,15,27,0
19927,62,15,27,0
19928,62,15,27,0
19929,62,15,27,0
19930,62,15,27,0
19931,62,15,27,0
19932,62,15,27,0
19933,62,15,27,0
19934,62,15,27,0
19935,62,15,27,0
19936,62,15,27,0
19937,62,15,27,0
19938,62,15,27,0
19939,62,15,27,0
19940,62,15,27,0
19941,62,15,27,0
19942,62,15,27,0
19943,62,15,27,0
19944,62,15,27,0
19945,62,15,27,0
19946,62,15,27,0
19947,62,15,27,0
19948,62,15,27,0
19949,62,15,27,0
19950,62,15,27,0
19951,62,15,27,0
19952,62,15,27,0
19953,62,15,27,0
19954,62,15,27,0
19955,62,15,27,0
19956,62,15,27,0
19957,62,15,27,0
19958,62,15,27,0
19959,62,15,27,0
19960,62,15,27,0
19961,62,15,27,0
19962,62,15,27,0
19963,62,15,27,0
19964,62,15,27,0
19965,62,15,27,0
19966,62,15,27,0
19967,62,15,27,0
19968,62,15,27,0
19969,62,15,27,0
19970,62,15,27,0
19971,62,15,27,0
19972,62,15,27,0
19973,62,15,27,0
19974,62,15,27,0
19975,62,15,27,0
19976,62,15,27,0
19977,62,15,27,0
19978,62,15,27,0
19979,62,15,27,0
19980,62,15,27,0
19981,62,15,27,0
19982,62,15,27,0
19983,62,15,27,0
19984,62,15,27,0
19985,62,15,27,0
19986,62,15,27,0
19987,62,15,27,0
19988,62,15,27,0
19989,62,15,27,0
19990,62,15,27,0
19991,62,15,27,0
19992,62,15,27,0
19993,62,15,27,0
19994,62,15,27,0
19995,62,15,27,0
19996,62,15,27,0
19997,62,15,27,0
19998,62,15,27,0
19999,62,15,27,0
20000,62,15,27,0
20001,62,15,27,0
20002,62,15,27,0
20003,62,15,27,0
20004,62,15,27,0
20005,62,15,27,0
20006,62,15,27,0
20007,62,15,27,0
20008,62,15,27,0
20009,62,15,27,0
20010,62,15,27,0
20011,62,15,27,0
20012,62,15,27,0
20013,62,15,27,0
20014,62,15,27,0
20015,62,15,27,0
20016,62,15,27,0
20017,62,15,27,0
20018,62,15,27,0
20019,62,15,27,0
20020,62,15,27,0
20021,62,15,27,0
20022,62,15,27,0
20023,62,15,27,0
20024,62,15,27,0
20025,62,15,27,0
20026,62,15,27,0
20027,62,15,27,0
20028,62,15,27,0
20029,62,15,27,0
20030,62,15,27,0
20031,62,15,27,0
20032,62,15,27,0
20033,62,15,27,0
20034,62,15,27,0
20035,62,15,27,0
20036,62,15,27,0
20037,62,15,27,0
20038,62,15,27,0
20039,62,15,27,0
20040,62,15,27,0
20041,62,15,27,0
20042,62,15,27,0
20043,62,15,27,0
20044,62,15,27,0
20045,62,15,27,0
20046,62,15,27,0
20047,62,15,27,0
20048,62,15,27,0
20049,62,15,27,0
20050,62,15,27,0
20051,62,15,27,0
20052,62,15,27,0
20053,62,15,27,0
20054,62,15,27,0
20055,62,15,27,0
20056,62,15,27,0
20057,62,15,27,0
20058,62,15,27,0
20059,62,15,27,0
20060,62,15,27,0
20061,62,15,27,0
20062,62,15,27,0
20063,62,15,27,0
20064,62,15,27,0
20065,62,15,27,0
20066,62,15,27,0
20067,62,15,27,0
20068,62,15,27,0
20069,62,15,27,0
20070,62,15,27,0
20071,62,15,27,0
20072,62,15,27,0
20073,62,15,27,0
20074,62,15,27,0
20075,62,15,27,0
20076,62,15,27,0
20077,62,15,27,0
20078,62,15,27,0
20079,62,15,27,0
20080,62,15,27,0
20081,62,15,27,0
20082,62,15,27,0
20083,62,15,27,0
20084,62,15,27,0
20085,62,15,27,0
20086,62,15,27,0
20087,62,15,27,0
20088,62,15,27,0
20089,62,15,27,0
20090,62,15,27,0
20091,62,15,27,0
20092,62,15,27,0
20093,62,15,27,0
20094,62,15,27,0
20095,62,15,27,0
20096,62,15,27,0
20097,62,15,27,0
20098,62,15,27,0
20099,62,15,27,0
20100,62,15,27,0
20101,62,15,27,0
20102,62,15,27,0
20103,62,15,27,0
20104,62,15,27,0
20105,62,15,27,0
20106,62,15,27,0
20107,62,15,27,0
20108,62,15,27,0
20109,62,15,27,0
20110,62,15,27,0
20111,62,15,27,0
20112,62,15,27,0
20113,62,15,27,0
20114,62,15,27,0
20115,62,15,27,0
20116,62,15,27,0
20117,62,15,27,0
20118,62,15,27,0
20119,62,15,27,0
20120,62,15,27,0
20121,62,15,27,0
20122,62,15,27,0
20123,62,15,27,0
20124,62,15,27,0
20125,62,15,27,0
20126,62,15,27,0
20127,62,15,27,0
20128,62,15,27,0
20129,62,15,27,0
20130,62,15,27,0
20131,62,15,27,0
20132,62,15,27,0
20133,62,15,27,0
20134,62,15,27,0
20135,62,15,27,0
20136,62,15,27,0
20137,62,15,27,0
20138,62,15,27,0
20139,62,15,27,0
20140,62,15,27,0
20141,62,15,27,0
20142,62,15,27,0
20143,62,15,27,0
20144,62,15,27,0
20145,62,15,27,0
20146,62,15,27,0
20147,62,15,27,0
20148,62,15,27,0
20149,62,15,27,0
20150,62,15,27,0
20151,62,15,27,0
20152,62,15,27,0
20153,62,15,27,0
20154,62,15,27,0
20155,62,15,27,0
20156,62,15,27,0
20157,62,15,27,0
20158,62,15,27,0
20159,62,15,27,0
20160,62,15,27,0
20161,62,15,27,0
20162,62,15,27,0
20163,62,15,27,0
20164,62,15,27,0
20165,62,15,27,0
20166,62,15,27,0
20167,62,15,27,0
20168,62,15,27,0
20169,62,15,27,0
20170,62,15,27,0
20171,62,15,27,0
20172,62,15,27,0
20173,62,15,27,0
20174,62,15,27,0
20175,62,15,27,0
20176,62,15,27,0
20177,62,15,27,0
20178,62,15,27,0
20179,62,15,27,0
20180,62,15,27,0
20181,62,15,27,0
20182,62,15,27,0
20183,62,15,27,0
20184,62,15,27,0
20185,62,15,27,0
20186,62,15,27,0
20187,62,15,27,0
20188,62,15,27,0
20189,62,15,27,0
20190,62,15,27,0
20191,62,15,27,0
20192,62,15,27,0
20193,62,15,27,0
20194,62,15,27,0
20195,62,15,27,0
20196,62,15,27,0
20197,62,15,27,0
20198,62,15,27,0
20199,62,15,27,0
20200,62,15,27,0
20201,62,15,27,0
20202,62,15,27,0
20203,62,15,27,0
20204,62,15,27,0
20205,62,15,27,0
20206,62,15,27,0
20207,62,15,27,0
20208,62,15,27,0
20209,62,15,27,0
20210,62,15,27,0
20211,62,15,27,0
20212,62,15,27,0
20213,62,15,27,0
20214,62,15,27,0
20215,62,15,27,0
20216,62,15,27,0
20217,62,15,27,0
20218,62,15,27,0
20219,62,15,27,0
20220,62,15,27,0
20221,62,15,27,0
20222,62,15,27,0
20223,62,15,27,0
20224,62,15,27,0
20225,62,15,27,0
20226,62,15,27,0
20227,62,15,27,0
20228,62,15,27,0
20229,62,15,27,0
20230,62,15,27,0
20231,62,15,27,0
20232,62,15,27,0
20233,62,15,27,0
20234,62,15,27,0
20235,62,15,27,0
20236,62,15,27,0
20237,62,15,27,0
20238,62,15,27,0
20239,62,15,27,0
20240,62,15,27,0
20241,62,15,27,0
20242,62,15,27,0
20243,62,15,27,0
20244,62,15,27,0
20245,62,15,27,0
20246,62,15,27,0
20247,62,15,27,0
20248,62,15,27,0
20249,62,15,27,0
20250,62,15,27,0
20251,62,15,27,0
20252,62,15,27,0
20253,62,15,27,0
20254,62,15,27,0
20255,62,15,27,0
20256,62,15,27,0
20257,62,15,27,0
20258,62,15,27,0
20259,62,15,27,0
20260,62,15,27,0
20261,62,15,27,0
20262,62,15,27,0
20263,62,15,27,0
20264,62,15,27,0
20265,62,15,27,0
20266,62,15,27,0
20267,62,15,27,0
20268,62,15,27,0
20269,62,15,27,0
20270,62,15,27,0
20271,62,15,27,0
20272,62,15,27,0
20273,62,15,27,0
20274,62,15,27,0
20275,62,15,27,0
20276,62,15,27,0
20277,62,15,27,0
20278,62,15,27,0
20279,62,15,27,0
20280,62,15,27,0
20281,62,15,27,0
20282,62,15,27,0
20283,62,15,27,0
20284,62,15,27,0
20285,62,15,27,0
20286,62,15,27,0
20287,62,15,27,0
20288,62,15,27,0
20289,62,15,27,0
20290,62,15,27,0
20291,62,15,27,0
20292,62,15,27,0
20293,62,15,27,0
20294,62,15,27,0
20295,62,15,27,0
20296,62,15,27,0
20297,62,15,27,0
20298,62,15,27,0
20299,62,15,27,0
20300,62,15,27,0
20301,62,15,27,0
20302,62,15,27,0
20303,62,15,27,0
20304,62,15,27,0
20305,62,15,27,0
20306,62,15,27,0
20307,62,15,27,0
20308,62,15,27,0
20309,62,15,27,0
20310,62,15,27,0
20311,62,15,27,0
20312,62,15,27,0
20313,62,15,27,0
20314,62,15,27,0
20315,62,15,27,0
20316,62,15,27,0
20317,62,15,27,0
20318,62,15,27,0
20319,62,15,27,0
20320,62,15,27,0
20321,62,15,27,0
20322,62,15,27,0
20323,62,15,27,0
20324,62,15,27,0
20325,62,15,27,0
20326,62,15,27,0
20327,62,15,27,0
20328,62,15,27,0
20329,62,15,27,0
20330,62,15,27,0
20331,62,15,27,0
20332,62,15,27,0
20333,62,15,27,0
20334,62,15,27,0
20335,62,15,27,0
20336,62,15,27,0
20337,62,15,27,0
20338,62,15,27,0
20339,62,15,27,0
20340,62,15,27,0
20341,62,15,27,0
20342,62,15,27,0
20343,62,15,27,0
20344,62,15,27,0
20345,62,15,27,0
20346,62,15,27,0
20347,62,15,27,0
20348,62,15,27,0
20349,62,15,27,0
20350,62,15,27,0
20351,62,15,27,0
20352,62,15,27,0
20353,62,15,27,0
20354,62,15,27,0
20355,62,15,27,0
20356,62,15,27,0
20357,62,15,27,0
20358,62,15,27,0
20359,62,15,27,0
20360,62,15,27,0
20361,62,15,27,0
20362,62,15,27,0
20363,62,15,27,0
20364,62,15,27,0
20365,62,15,27,0
20366,62,15,27,0
20367,62,15,27,0
20368,62,15,27,0
20369,62,15,27,0
20370,62,15,27,0
20371,62,15,27,0
20372,62,15,27,0
20373,62,15,27,0
20374,62,15,27,0
20375,62,15,27,0
20376,62,15,27,0
20377,62,15,27,0
20378,62,15,27,0
20379,62,15,27,0
20380,62,15,27,0
20381,62,15,27,0
20382,62,15,27,0
20383,62,15,27,0
20384,62,15,27,0
20385,62,15,27,0
20386,62,15,27,0
20387,62,15,27,0
20388,62,15,27,0
20389,62,15,27,0
20390,62,15,27,0
20391,62,15,27,0
20392,62,15,27,0
20393,62,15,27,0
20394,62,15,27,0
20395,62,15,27,0
20396,62,15,27,0
20397,62,15,27,0
20398,62,15,27,0
20399,62,15,27,0
20400,62,15,27,0
20401,62,15,27,0
20402,62,15,27,0
20403,62,15,27,0
20404,62,15,27,0
20405,62,15,27,0
20406,62,15,27,0
20407,62,15,27,0
20408,62,15,27,0
20409,62,15,27,0
20410,62,15,27,0
20411,62,15,27,0
20412,62,15,27,0
20413,62,15,27,0
20414,62,15,27,0
20415,62,15,27,0
20416,62,15,27,0
20417,62,15,27,0
20418,62,15,27,0
20419,62,15,27,0
20420,62,15,27,0
20421,62,15,27,0
20422,62,15,27,0
20423,62,15,27,0
20424,62,15,27,0
20425,62,15,27,0
20426,62,15,27,0
20427,62,15,27,0
20428,62,15,27,0
20429,62,15,27,0
20430,62,15,27,0
20431,62,15,27,0
20432,62,15,27,0
20433,62,15,27,0
20434,62,15,27,0
20435,62,15,27,0
20436,62,15,27,0
20437,62,15,27,0
20438,62,15,27,0
20439,62,15,27,0
20440,62,15,27,0
20441,62,15,27,0
20442,62,15,27,0
20443,62,15,27,0
20444,62,15,27,0
20445,62,15,27,0
20446,62,15,27,0
20447,62,15,27,0
20448,62,15,27,0
20449,62,15,27,0
20450,62,15,27,0
20451,62,15,27,0
20452,62,15,27,0
20453,62,15,27,0
20454,62,15,27,0
20455,62,15,27,0
20456,62,15,27,0
20457,62,15,27,0
20458,62,15,27,0
20459,62,15,27,0
20460,62,15,27,0
20461,62,15,27,0
20462,62,15,27,0
20463,62,15,27,0
20464,62,15,27,0
20465,62,15,27,0
20466,62,15,27,0
20467,62,15,27,0
20468,62,15,27,0
20469,62,15,27,0
20470,62,15,27,0
20471,62,15,27,0
20472,62,15,27,0
20473,62,15,27,0
20474,62,15,27,0
20475,62,15,27,0
20476,62,15,27,0
20477,62,15,27,0
20478,62,15,27,0
20479,62,15,27,0
20480,62,15,27,0
20481,62,15,27,0
20482,62,15,27,0
20483,62,15,27,0
20484,62,15,27,0
20485,62,15,27,0
20486,62,15,27,0
20487,62,15,27,0
20488,62,15,27,0
20489,62,15,27,0
20490,62,15,27,0
20491,62,15,27,0
20492,62,15,27,0
20493,62,15,27,0
20494,62,15,27,0
20495,62,15,27,0
20496,62,15,27,0
20497,62,15,27,0
20498,62,15,27,0
20499,62,15,27,0
20500,62,15,27,0
20501,62,15,27,0
20502,62,15,27,0
20503,62,15,27,0
20504,62,15,27,0
20505,62,15,27,0
20506,62,15,27,0
20507,62,15,27,0
20508,62,15,27,0
20509,62,15,27,0
20510,62,15,27,0
20511,62,15,27,0
20512,62,15,27,0
20513,62,15,27,0
20514,62,15,27,0
20515,62,15,27,0
20516,62,15,27,0
20517,62,15,27,0
20518,62,15,27,0
20519,62,15,27,0
20520,62,15,27,0
20521,62,15,27,0
20522,62,15,27,0
20523,62,15,27,0
20524,62,15,27,0
20525,62,15,27,0
20526,62,15,27,0
20527,62,15,27,0
20528,62,15,27,0
20529,62,15,27,0
20530,62,15,27,0
20531,62,15,27,0
20532,62,15,27,0
20533,62,15,27,0
20534,62,15,27,0
20535,62,15,27,0
20536,62,15,27,0
20537,62,15,27,0
20538,62,15,27,0
20539,62,15,27,0
20540,62,15,27,0
20541,62,15,27,0
20542,62,15,27,0
20543,62,15,27,0
20544,62,15,27,0
20545,62,15,27,0
20546,62,15,27,0
20547,62,15,27,0
20548,62,15,27,0
20549,62,15,27,0
20550,62,15,27,0
20551,62,15,27,0
20552,62,15,27,0
20553,62,15,27,0
20554,62,15,27,0
20555,62,15,27,0
20556,62,15,27,0
20557,62,15,27,0
20558,62,15,27,0
20559,62,15,27,0
20560,62,15,27,0
20561,62,15,27,0
20562,62,15,27,0
20563,62,15,27,0
20564,62,15,27,0
20565,62,15,27,0
20566,62,15,27,0
20567,62,15,27,0
20568,62,15,27,0
20569,62,15,27,0
20570,62,15,27,0
20571,62,15,27,0
20572,62,15,27,0
20573,62,15,27,0
20574,62,15,27,0
20575,62,15,27,0
20576,62,15,27,0
20577,62,15,27,0
20578,62,15,27,0
20579,62,15,27,0
20580,62,15,27,0
20581,62,15,27,0
20582,62,15,27,0
20583,62,15,27,0
20584,62,15,27,0
20585,62,15,27,0
20586,62,15,27,0
20587,62,15,27,0
20588,62,15,27,0
20589,62,15,27,0
20590,62,15,27,0
20591,62,15,27,0
20592,62,15,27,0
20593,62,15,27,0
20594,62,15,27,0
20595,62,15,27,0
20596,62,15,27,0
20597,62,15,27,0
20598,62,15,27,0
20599,62,15,27,0
20600,62,15,27,0
20601,62,15,27,0
20602,62,15,27,0
20603,62,15,27,0
20604,62,15,27,0
20605,62,15,27,0
20606,62,15,27,0
20607,62,15,27,0
20608,62,15,27,0
20609,62,15,27,0
20610,62,15,27,0
20611,62,15,27,0
20612,62,15,27,0
20613,62,15,27,0
20614,62,15,27,0
20615,62,15,27,0
20616,62,15,27,0
20617,62,15,27,0
20618,62,15,27,0
20619,62,15,27,0
20620,62,15,27,0
20621,62,15,27,0
20622,62,15,27,0
20623,62,15,27,0
20624,62,15,27,0
20625,62,15,27,0
20626,62,15,27,0
20627,62,15,27,0
20628,62,15,27,0
20629,62,15,27,0
20630,62,15,27,0
20631,62,15,27,0
20632,62,15,27,0
20633,62,15,27,0
20634,62,15,27,0
20635,62,15,27,0
20636,62,15,27,0
20637,62,15,27,0
20638,62,15,27,0
20639,62,15,27,0
20640,62,15,27,0
20641,62,15,27,0
20642,62,15,27,0
20643,62,15,27,0
20644,62,15,27,0
20645,62,15,27,0
20646,62,15,27,0
20647,62,15,27,0
20648,62,15,27,0
20649,62,15,27,0
20650,62,15,27,0
20651,62,15,27,0
20652,62,15,27,0
20653,62,15,27,0
20654,62,15,27,0
20655,62,15,27,0
20656,62,15,27,0
20657,62,15,27,0
20658,62,15,27,0
20659,62,15,27,0
20660,62,15,27,0
20661,62,15,27,0
20662,62,15,27,0
20663,62,15,27,0
20664,62,15,27,0
20665,62,15,27,0
20666,62,15,27,0
20667,62,15,27,0
20668,62,15,27,0
20669,62,15,27,0
20670,62,15,27,0
20671,62,15,27,0
20672,62,15,27,0
20673,62,15,27,0
20674,62,15,27,0
20675,62,15,27,0
20676,62,15,27,0
20677,62,15,27,0
20678,62,15,27,0
20679,62,15,27,0
20680,62,15,27,0
20681,62,15,27,0
20682,62,15,27,0
20683,62,15,27,0
20684,62,15,27,0
20685,62,15,27,0
20686,62,15,27,0
20687,62,15,27,0
20688,62,15,27,0
20689,62,15,27,0
20690,62,15,27,0
20691,62,15,27,0
20692,62,15,27,0
20693,62,15,27,0
20694,62,15,27,0
20695,62,15,27,0
20696,62,15,27,0
20697,62,15,27,0
20698,62,15,27,0
20699,62,15,27,0
20700,62,15,27,0
20701,62,15,27,0
20702,62,15,27,0
20703,62,15,27,0
20704,62,15,27,0
20705,62,15,27,0
20706,62,15,27,0
20707,62,15,27,0
20708,62,15,27,0
20709,62,15,27,0
20710,62,15,27,0
20711,62,15,27,0
20712,62,15,27,0
20713,62,15,27,0
20714,62,15,27,0
20715,62,15,27,0
20716,62,15,27,0
20717,62,15,27,0
20718,62,15,27,0
20719,62,15,27,0
20720,62,15,27,0
20721,62,15,27,0
20722,62,15,27,0
20723,62,15,27,0
20724,62,15,27,0
20725,62,15,27,0
20726,62,15,27,0
20727,62,15,27,0
20728,62,15,27,0
20729,62,15,27,0
20730,62,15,27,0
20731,62,15,27,0
20732,62,15,27,0
20733,62,15,27,0
20734,62,15,27,0
20735,62,15,27,0
20736,62,15,27,0
20737,62,15,27,0
20738,62,15,27,0
20739,62,15,27,0
20740,62,15,27,0
20741,62,15,27,0
20742,62,15,27,0
20743,62,15,27,0
20744,62,15,27,0
20745,62,15,27,0
20746,62,15,27,0
20747,62,15,27,0
20748,62,15,27,0
20749,62,15,27,0
20750,62,15,27,0
20751,62,15,27,0
20752,62,15,27,0
20753,62,15,27,0
20754,62,15,27,0
20755,62,15,27,0
20756,62,15,27,0
20757,62,15,27,0
20758,62,15,27,0
20759,62,15,27,0
20760,62,15,27,0
20761,62,15,27,0
20762,62,15,27,0
20763,62,15,27,0
20764,62,15,27,0
20765,62,15,27,0
20766,62,15,27,0
20767,62,15,27,0
20768,62,15,27,0
20769,62,15,27,0
20770,62,15,27,0
20771,62,15,27,0
20772,62,15,27,0
20773,62,15,27,0
20774,62,15,27,0
20775,62,15,27,0
20776,62,15,27,0
20777,62,15,27,0
20778,62,15,27,0
20779,62,15,27,0
20780,62,15,27,0
20781,62,15,27,0
20782,62,15,27,0
20783,62,15,27,0
20784,62,15,27,0
20785,62,15,27,0
20786,62,15,27,0
20787,62,15,27,0
20788,62,15,27,0
20789,62,15,27,0
20790,62,15,27,0
20791,62,15,27,0
20792,62,15,27,0
20793,62,15,27,0
20794,62,15,27,0
20795,62,15,27,0
20796,62,15,27,0
20797,62,15,27,0
20798,62,15,27,0
20799,62,15,27,0
20800,62,15,27,0
20801,62,15,27,0
20802,62,15,27,0
20803,62,15,27,0
20804,62,15,27,0
20805,62,15,27,0
20806,62,15,27,0
20807,62,15,27,0
20808,62,15,27,0
20809,62,15,27,0
20810,62,15,27,0
20811,62,15,27,0
20812,62,15,27,0
20813,62,15,27,0
20814,62,15,27,0
20815,62,15,27,0
20816,62,15,27,0
20817,62,15,27,0
20818,62,15,27,0
20819,62,15,27,0
20820,62,15,27,0
20821,62,15,27,0
20822,62,15,27,0
20823,62,15,27,0
20824,62,15,27,0
20825,62,15,27,0
20826,62,15,27,0
20827,62,15,27,0
20828,62,15,27,0
20829,62,15,27,0
20830,62,15,27,0
20831,62,15,27,0
20832,62,15,27,0
20833,62,15,27,0
20834,62,15,27,0
20835,62,15,27,0
20836,62,15,27,0
20837,62,15,27,0
20838,62,15,27,0
20839,62,15,27,0
20840,62,15,27,0
20841,62,15,27,0
20842,62,15,27,0
20843,62,15,27,0
20844,62,15,27,0
20845,62,15,27,0
20846,62,15,27,0
20847,62,15,27,0
20848,62,15,27,0
20849,62,15,27,0
20850,62,15,27,0
20851,62,15,27,0
20852,62,15,27,0
20853,62,15,27,0
20854,62,15,27,0
20855,62,15,27,0
20856,62,15,27,0
20857,62,15,27,0
20858,62,15,27,0
20859,62,15,27,0
20860,62,15,27,0
20861,62,15,27,0
20862,62,15,27,0
20863,62,15,27,0
20864,62,15,27,0
20865,62,15,27,0
20866,62,15,27,0
20867,62,15,27,0
20868,62,15,27,0
20869,62,15,27,0
20870,62,15,27,0
20871,62,15,27,0
20872,62,15,27,0
20873,62,15,27,0
20874,62,15,27,0
20875,62,15,27,0
20876,62,15,27,0
20877,62,15,27,0
20878,62,15,27,0
20879,62,15,27,0
20880,62,15,27,0
20881,62,15,27,0
20882,62,15,27,0
20883,62,15,27,0
20884,62,15,27,0
20885,62,15,27,0
20886,62,15,27,0
20887,62,15,27,0
20888,62,15,27,0
20889,62,15,27,0
20890,62,15,27,0
20891,62,15,27,0
20892,62,15,27,0
20893,62,15,27,0
20894,62,15,27,0
20895,62,15,27,0
20896,62,15,27,0
20897,62,15,27,0
20898,62,15,27,0
20899,62,15,27,0
20900,62,15,27,0
20901,62,15,27,0
20902,62,15,27,0
20903,62,15,27,0
20904,62,15,27,0
20905,62,15,27,0
20906,62,15,27,0
20907,62,15,27,0
20908,62,15,27,0
20909,62,15,27,0
20910,62,15,27,0
20911,62,15,27,0
20912,62,15,27,0
20913,62,15,27,0
20914,62,15,27,0
20915,62,15,27,0
20916,62,15,27,0
20917,62,15,27,0
20918,62,15,27,0
20919,62,15,27,0
20920,62,15,27,0
20921,62,15,27,0
20922,62,15,27,0
20923,62,15,27,0
20924,62,15,27,0
20925,62,15,27,0
20926,62,15,27,0
20927,62,15,27,0
20928,62,15,27,0
20929,62,15,27,0
20930,62,15,27,0
20931,62,15,27,0
20932,62,15,27,0
20933,62,15,27,0
20934,62,15,27,0
20935,62,15,27,0
20936,62,15,27,0
20937,62,15,27,0
20938,62,15,27,0
20939,62,15,27,0
20940,62,15,27,0
20941,62,15,27,0
20942,62,15,27,0
20943,62,15,27,0
20944,62,15,27,0
20945,62,15,27,0
20946,62,15,27,0
20947,62,15,27,0
20948,62,15,27,0
20949,62,15,27,0
20950,62,15,27,0
20951,62,15,27,0
20952,62,15,27,0
20953,62,15,27,0
20954,62,15,27,0
20955,62,15,27,0
20956,62,15,27,0
20957,62,15,27,0
20958,62,15,27,0
20959,62,15,27,0
20960,62,15,27,0
20961,62,15,27,0
20962,62,15,27,0
20963,62,15,27,0
20964,62,15,27,0
20965,62,15,27,0
20966,62,15,27,0
20967,62,15,27,0
20968,62,15,27,0
20969,62,15,27,0
20970,62,15,27,0
20971,62,15,27,0
20972,62,15,27,0
20973,62,15,27,0
20974,62,15,27,0
20975,62,15,27,0
20976,62,15,27,0
20977,62,15,27,0
20978,62,15,27,0
20979,62,15,27,0
20980,62,15,27,0
20981,62,15,27,0
20982,62,15,27,0
20983,62,15,27,0
20984,62,15,27,0
20985,62,15,27,0
20986,62,15,27,0
20987,62,15,27,0
20988,62,15,27,0
20989,62,15,27,0
20990,62,15,27,0
20991,62,15,27,0
20992,62,15,27,0
20993,62,15,27,0
20994,62,15,27,0
20995,62,15,27,0
20996,62,15,27,0
20997,62,15,27,0
20998,62,15,27,0
20999,62,15,27,0
21000,62,15,27,0
21001,62,15,27,0
21002,62,15,27,0
21003,62,15,27,0
21004,62,15,27,0
21005,62,15,27,0
21006,62,15,27,0
21007,62,15,27,0
21008,62,15,27,0
21009,62,15,27,0
21010,62,15,27,0
21011,62,15,27,0
21012,62,15,27,0
21013,62,15,27,0
21014,62,15,27,0
21015,62,15,27,0
21016,62,15,27,0
21017,62,15,27,0
21018,62,15,27,0
21019,62,15,27,0
21020,62,15,27,0
21021,62,15,27,0
21022,62,15,27,0
21023,62,15,27,0
21024,62,15,27,0
21025,62,15,27,0
21026,62,15,27,0
21027,62,15,27,0
21028,62,15,27,0
21029,62,15,27,0
21030,62,15,27,0
21031,62,15,27,0
21032,62,15,27,0
21033,62,15,27,0
21034,62,15,27,0
21035,62,15,27,0
21036,62,15,27,0
21037,62,15,27,0
21038,62,15,27,0
21039,62,15,27,0
21040,62,15,27,0
21041,62,15,27,0
21042,62,15,27,0
21043,62,15,27,0
21044,62,15,27,0
21045,62,15,27,0
21046,62,15,27,0
21047,62,15,27,0
21048,62,15,27,0
21049,62,15,27,0
21050,62,15,27,0
21051,62,15,27,0
21052,62,15,27,0
21053,62,15,27,0
21054,62,15,27,0
21055,62,15,27,0
21056,62,15,27,0
21057,62,15,27,0
21058,62,15,27,0
21059,62,15,27,0
21060,62,15,27,0
21061,62,15,27,0
21062,62,15,27,0
21063,62,15,27,0
21064,62,15,27,0
21065,62,15,27,0
21066,62,15,27,0
21067,62,15,27,0
21068,62,15,27,0
21069,62,15,27,0
21070,62,15,27,0
21071,62,15,27,0
21072,62,15,27,0
21073,62,15,27,0
21074,62,15,27,0
21075,62,15,27,0
21076,62,15,27,0
21077,62,15,27,0
21078,62,15,27,0
21079,62,15,27,0
21080,62,15,27,0
21081,62,15,27,0
21082,62,15,27,0
21083,62,15,27,0
21084,62,15,27,0
21085,62,15,27,0
21086,62,15,27,0
21087,62,15,27,0
21088,62,15,27,0
21089,62,15,27,0
21090,62,15,27,0
21091,62,15,27,0
21092,62,15,27,0
21093,62,15,27,0
21094,62,15,27,0
21095,62,15,27,0
21096,62,15,27,0
21097,62,15,27,0
21098,62,15,27,0
21099,62,15,27,0
21100,62,15,27,0
21101,62,15,27,0
21102,62,15,27,0
21103,62,15,27,0
21104,62,15,27,0
21105,62,15,27,0
21106,62,15,27,0
21107,62,15,27,0
21108,62,15,27,0
21109,62,15,27,0
21110,62,15,27,0
21111,62,15,27,0
21112,62,15,27,0
21113,62,15,27,0
21114,62,15,27,0
21115,62,15,27,0
21116,62,15,27,0
21117,62,15,27,0
21118,62,15,27,0
21119,62,15,27,0
21120,62,15,27,0
21121,62,15,27,0
21122,62,15,27,0
21123,62,15,27,0
21124,62,15,27,0
21125,62,15,27,0
21126,62,15,27,0
21127,62,15,27,0
21128,62,15,27,0
21129,62,15,27,0
21130,62,15,27,0
21131,62,15,27,0
21132,62,15,27,0
21133,62,15,27,0
21134,62,15,27,0
21135,62,15,27,0
21136,62,15,27,0
21137,62,15,27,0
21138,62,15,27,0
21139,62,15,27,0
21140,62,15,27,0
21141,62,15,27,0
21142,62,15,27,0
21143,62,15,27,0
21144,62,15,27,0
21145,62,15,27,0
21146,62,15,27,0
21147,62,15,27,0
21148,62,15,27,0
21149,62,15,27,0
21150,62,15,27,0
21151,62,15,27,0
21152,62,15,27,0
21153,62,15,27,0
21154,62,15,27,0
21155,62,15,27,0
21156,62,15,27,0
21157,62,15,27,0
21158,62,15,27,0
21159,62,15,27,0
21160,62,15,27,0
21161,62,15,27,0
21162,62,15,27,0
21163,62,15,27,0
21164,62,15,27,0
21165,62,15,27,0
21166,62,15,27,0
21167,62,15,27,0
21168,62,15,27,0
21169,62,15,27,0
21170,62,15,27,0
21171,62,15,27,0
21172,62,15,27,0
21173,62,15,27,0
21174,62,15,27,0
21175,62,15,27,0
21176,62,15,27,0
21177,62,15,27,0
21178,62,15,27,0
21179,62,15,27,0
21180,62,15,27,0
21181,62,15,27,0
21182,62,15,27,0
21183,62,15,27,0
21184,62,15,27,0
21185,62,15,27,0
21186,62,15,27,0
21187,62,15,27,0
21188,62,15,27,0
21189,62,15,27,0
21190,62,15,27,0
21191,62,15,27,0
21192,62,15,27,0
21193,62,15,27,0
21194,62,15,27,0
21195,62,15,27,0
21196,62,15,27,0
21197,62,15,27,0
21198,62,15,27,0
21199,62,15,27,0
21200,62,15,27,0
21201,62,15,27,0
21202,62,15,27,0
21203,62,15,27,0
21204,62,15,27,0
21205,62,15,27,0
21206,62,15,27,0
21207,62,15,27,0
21208,62,15,27,0
21209,62,15,27,0
21210,62,15,27,0
21211,62,15,27,0
21212,62,15,27,0
21213,62,15,27,0
21214,62,15,27,0
21215,62,15,27,0
21216,62,15,27,0
21217,62,15,27,0
21218,62,15,27,0
21219,62,15,27,0
21220,62,15,27,0
21221,62,15,27,0
21222,62,15,27,0
21223,62,15,27,0
21224,62,15,27,0
21225,62,15,27,0
21226,62,15,27,0
21227,62,15,27,0
21228,62,15,27,0
21229,62,15,27,0
21230,62,15,27,0
21231,62,15,27,0
21232,62,15,27,0
21233,62,15,27,0
21234,62,15,27,0
21235,62,15,27,0
21236,62,15,27,0
21237,62,15,27,0
21238,62,15,27,0
21239,62,15,27,0
21240,62,15,27,0
21241,62,15,27,0
21242,62,15,27,0
21243,62,15,27,0
21244,62,15,27,0
21245,62,15,27,0
21246,62,15,27,0
21247,62,15,27,0
21248,62,15,27,0
21249,62,15,27,0
21250,62,15,27,0
21251,62,15,27,0
21252,62,15,27,0
21253,62,15,27,0
21254,62,15,27,0
21255,62,15,27,0
21256,62,15,27,0
21257,62,15,27,0
21258,62,15,27,0
21259,62,15,27,0
21260,62,15,27,0
21261,62,15,27,0
21262,62,15,27,0
21263,62,15,27,0
21264,62,15,27,0
21265,62,15,27,0
21266,62,15,27,0
21267,62,15,27,0
21268,62,15,27,0
21269,62,15,27,0
21270,62,15,27,0
21271,62,15,27,0
21272,62,15,27,0
21273,62,15,27,0
21274,62,15,27,0
21275,62,15,27,0
21276,62,15,27,0
21277,62,15,27,0
21278,62,15,27,0
21279,62,15,27,0
21280,62,15,27,0
21281,62,15,27,0
21282,62,15,27,0
21283,62,15,27,0
21284,62,15,27,0
21285,62,15,27,0
21286,62,15,27,0
21287,62,15,27,0
21288,62,15,27,0
21289,62,15,27,0
21290,62,15,27,0
21291,62,15,27,0
21292,62,15,27,0
21293,62,15,27,0
21294,62,15,27,0
21295,62,15,27,0
21296,62,15,27,0
21297,62,15,27,0
21298,62,15,27,0
21299,62,15,27,0
21300,62,15,27,0
21301,62,15,27,0
21302,62,15,27,0
21303,62,15,27,0
21304,62,15,27,0
21305,62,15,27,0
21306,62,15,27,0
21307,62,15,27,0
21308,62,15,27,0
21309,62,15,27,0
21310,62,15,27,0
21311,62,15,27,0
21312,62,15,27,0
21313,62,15,27,0
21314,62,15,27,0
21315,62,15,27,0
21316,62,15,27,0
21317,62,15,27,0
21318,62,15,27,0
21319,62,15,27,0
21320,62,15,27,0
21321,62,15,27,0
21322,62,15,27,0
21323,62,15,27,0
21324,62,15,27,0
21325,62,15,27,0
21326,62,15,27,0
21327,62,15,27,0
21328,62,15,27,0
21329,62,15,27,0
21330,62,15,27,0
21331,62,15,27,0
21332,62,15,27,0
21333,62,15,27,0
21334,62,15,27,0
21335,62,15,27,0
21336,62,15,27,0
21337,62,15,27,0
21338,62,15,27,0
21339,62,15,27,0
21340,62,15,27,0
21341,62,15,27,0
21342,62,15,27,0
21343,62,15,27,0
21344,62,15,27,0
21345,62,15,27,0
21346,62,15,27,0
21347,62,15,27,0
21348,62,15,27,0
21349,62,15,27,0
21350,62,15,27,0
21351,62,15,27,0
21352,62,15,27,0
21353,62,15,27,0
21354,62,15,27,0
21355,62,15,27,0
21356,62,15,27,0
21357,62,15,27,0
21358,62,15,27,0
21359,62,15,27,0
21360,62,15,27,0
21361,62,15,27,0
21362,62,15,27,0
21363,62,15,27,0
21364,62,15,27,0
21365,62,15,27,0
21366,62,15,27,0
21367,62,15,27,0
21368,62,15,27,0
21369,62,15,27,0
21370,62,15,27,0
21371,62,15,27,0
21372,62,15,27,0
21373,62,15,27,0
21374,62,15,27,0
21375,62,15,27,0
21376,62,15,27,0
21377,62,15,27,0
21378,62,15,27,0
21379,62,15,27,0
21380,62,15,27,0
21381,62,15,27,0
21382,62,15,27,0
21383,62,15,27,0
21384,62,15,27,0
21385,62,15,27,0
21386,62,15,27,0
21387,62,15,27,0
21388,62,15,27,0
21389,62,15,27,0
21390,62,15,27,0
21391,62,15,27,0
21392,62,15,27,0
21393,62,15,27,0
21394,62,15,27,0
21395,62,15,27,0
21396,62,15,27,0
21397,62,15,27,0
21398,62,15,27,0
21399,62,15,27,0
21400,62,15,27,0
21401,62,15,27,0
21402,62,15,27,0
21403,62,15,27,0
21404,62,15,27,0
21405,62,15,27,0
21406,62,15,27,0
21407,62,15,27,0
21408,62,15,27,0
21409,62,15,27,0
21410,62,15,27,0
21411,62,15,27,0
21412,62,15,27,0
21413,62,15,27,0
21414,62,15,27,0
21415,62,15,27,0
21416,62,15,27,0
21417,62,15,27,0
21418,62,15,27,0
21419,62,15,27,0
21420,62,15,27,0
21421,62,15,27,0
21422,62,15,27,0
21423,62,15,27,0
21424,62,15,27,0
21425,62,15,27,0
21426,62,15,27,0
21427,62,15,27,0
21428,62,15,27,0
21429,62,15,27,0
21430,62,15,27,0
21431,62,15,27,0
21432,62,15,27,0
21433,62,15,27,0
21434,62,15,27,0
21435,62,15,27,0
21436,62,15,27,0
21437,62,15,27,0
21438,62,15,27,0
21439,62,15,27,0
21440,62,15,27,0
21441,62,15,27,0
21442,62,15,27,0
21443,62,15,27,0
21444,62,15,27,0
21445,62,15,27,0
21446,62,15,27,0
21447,62,15,27,0
21448,62,15,27,0
21449,62,15,27,0
21450,62,15,27,0
21451,62,15,27,0
21452,62,15,27,0
21453,62,15,27,0
21454,62,15,27,0
21455,62,15,27,0
21456,62,15,27,0
21457,62,15,27,0
21458,62,15,27,0
21459,62,15,27,0
21460,62,15,27,0
21461,62,15,27,0
21462,62,15,27,0
21463,62,15,27,0
21464,62,15,27,0
21465,62,15,27,0
21466,62,15,27,0
21467,62,15,27,0
21468,62,15,27,0
21469,62,15,27,0
21470,62,15,27,0
21471,62,15,27,0
21472,62,15,27,0
21473,62,15,27,0
21474,62,15,27,0
21475,62,15,27,0
21476,62,15,27,0
21477,62,15,27,0
21478,62,15,27,0
21479,62,15,27,0
21480,62,15,27,0
21481,62,15,27,0
21482,62,15,27,0
21483,62,15,27,0
21484,62,15,27,0
21485,62,15,27,0
21486,62,15,27,0
21487,62,15,27,0
21488,62,15,27,0
21489,62,15,27,0
21490,62,15,27,0
21491,62,15,27,0
21492,62,15,27,0
21493,62,15,27,0
21494,62,15,27,0
21495,62,15,27,0
21496,62,15,27,0
21497,62,15,27,0
21498,62,15,27,0
21499,62,15,27,0
21500,62,15,27,0
21501,62,15,27,0
21502,62,15,27,0
21503,62,15,27,0
21504,62,15,27,0
21505,62,15,27,0
21506,62,15,27,0
21507,62,15,27,0
21508,62,15,27,0
21509,62,15,27,0
21510,62,15,27,0
21511,62,15,27,0
21512,62,15,27,0
21513,62,15,27,0
21514,62,15,27,0
21515,62,15,27,0
21516,62,15,27,0
21517,62,15,27,0
21518,62,15,27,0
21519,62,15,27,0
21520,62,15,27,0
21521,62,15,27,0
21522,62,15,27,0
21523,62,15,27,0
21524,62,15,27,0
21525,62,15,27,0
21526,62,15,27,0
21527,62,15,27,0
21528,62,15,27,0
21529,62,15,27,0
21530,62,15,27,0
21531,62,15,27,0
21532,62,15,27,0
21533,62,15,27,0
21534,62,15,27,0
21535,62,15,27,0
21536,62,15,27,0
21537,62,15,27,0
21538,62,15,27,0
21539,62,15,27,0
21540,62,15,27,0
21541,62,15,27,0
21542,62,15,27,0
21543,62,15,27,0
21544,62,15,27,0
21545,62,15,27,0
21546,62,15,27,0
21547,62,15,27,0
21548,62,15,27,0
21549,62,15,27,0
21550,62,15,27,0
21551,62,15,27,0
21552,62,15,27,0
21553,62,15,27,0
21554,62,15,27,0
21555,62,15,27,0
21556,62,15,27,0
21557,62,15,27,0
21558,62,15,27,0
21559,62,15,27,0
21560,62,15,27,0
21561,62,15,27,0
21562,62,15,27,0
21563,62,15,27,0
21564,62,15,27,0
21565,62,15,27,0
21566,62,15,27,0
21567,62,15,27,0
21568,62,15,27,0
21569,62,15,27,0
21570,62,15,27,0
21571,62,15,27,0
21572,62,15,27,0
21573,62,15,27,0
21574,62,15,27,0
21575,62,15,27,0
21576,62,15,27,0
21577,62,15,27,0
21578,62,15,27,0
21579,62,15,27,0
21580,62,15,27,0
21581,62,15,27,0
21582,62,15,27,0
21583,62,15,27,0
21584,62,15,27,0
21585,62,15,27,0
21586,62,15,27,0
21587,62,15,27,0
21588,62,15,27,0
21589,62,15,27,0
21590,62,15,27,0
21591,62,15,27,0
21592,62,15,27,0
21593,62,15,27,0
21594,62,15,27,0
21595,62,15,27,0
21596,62,15,27,0
21597,62,15,27,0
21598,62,15,27,0
21599,62,15,27,0
21600,62,15,27,0
21601,62,15,27,0
21602,62,15,27,0
21603,62,15,27,0
21604,62,15,27,0
21605,62,15,27,0
21606,62,15,27,0
21607,62,15,27,0
21608,62,15,27,0
21609,62,15,27,0
21610,62,15,27,0
21611,62,15,27,0
21612,62,15,27,0
21613,62,15,27,0
21614,62,15,27,0
21615,62,15,27,0
21616,62,15,27,0
21617,62,15,27,0
21618,62,15,27,0
21619,62,15,27,0
21620,62,15,27,0
21621,62,15,27,0
21622,62,15,27,0
21623,62,15,27,0
21624,62,15,27,0
21625,62,15,27,0
21626,62,15,27,0
21627,62,15,27,0
21628,62,15,27,0
21629,62,15,27,0
21630,62,15,27,0
21631,62,15,27,0
21632,62,15,27,0
21633,62,15,27,0
21634,62,15,27,0
21635,62,15,27,0
21636,62,15,27,0
21637,62,15,27,0
21638,62,15,27,0
21639,62,15,27,0
21640,62,15,27,0
21641,62,15,27,0
21642,62,15,27,0
21643,62,15,27,0
21644,62,15,27,0
21645,62,15,27,0
21646,62,15,27,0
21647,62,15,27,0
21648,62,15,27,0
21649,62,15,27,0
21650,62,15,27,0
21651,62,15,27,0
21652,62,15,27,0
21653,62,15,27,0
21654,62,15,27,0
21655,62,15,27,0
21656,62,15,27,0
21657,62,15,27,0
21658,62,15,27,0
21659,62,15,27,0
21660,62,15,27,0
21661,62,15,27,0
21662,62,15,27,0
21663,62,15,27,0
21664,62,15,27,0
21665,62,15,27,0
21666,62,15,27,0
21667,62,15,27,0
21668,62,15,27,0
21669,62,15,27,0
21670,62,15,27,0
21671,62,15,27,0
21672,62,15,27,0
21673,62,15,27,0
21674,62,15,27,0
21675,62,15,27,0
21676,62,15,27,0
21677,62,15,27,0
21678,62,15,27,0
21679,62,15,27,0
21680,62,15,27,0
21681,62,15,27,0
21682,62,15,27,0
21683,62,15,27,0
21684,62,15,27,0
21685,62,15,27,0
21686,62,15,27,0
21687,62,15,27,0
21688,62,15,27,0
21689,62,15,27,0
21690,62,15,27,0
21691,62,15,27,0
21692,62,15,27,0
21693,62,15,27,0
21694,62,15,27,0
21695,62,15,27,0
21696,62,15,27,0
21697,62,15,27,0
21698,62,15,27,0
21699,62,15,27,0
21700,62,15,27,0
21701,62,15,27,0
21702,62,15,27,0
21703,62,15,27,0
21704,62,15,27,0
21705,62,15,27,0
21706,62,15,27,0
21707,62,15,27,0
21708,62,15,27,0
21709,62,15,27,0
21710,62,15,27,0
21711,62,15,27,0
21712,62,15,27,0
21713,62,15,27,0
21714,62,15,27,0
21715,62,15,27,0
21716,62,15,27,0
21717,62,15,27,0
21718,62,15,27,0
21719,62,15,27,0
21720,62,15,27,0
21721,62,15,27,0
21722,62,15,27,0
21723,62,15,27,0
21724,62,15,27,0
21725,62,15,27,0
21726,62,15,27,0
21727,62,15,27,0
21728,62,15,27,0
21729,62,15,27,0
21730,62,15,27,0
21731,62,15,27,0
21732,62,15,27,0
21733,62,15,27,0
21734,62,15,27,0
21735,62,15,27,0
21736,62,15,27,0
21737,62,15,27,0
21738,62,15,27,0
21739,62,15,27,0
21740,62,15,27,0
21741,62,15,27,0
21742,62,15,27,0
21743,62,15,27,0
21744,62,15,27,0
21745,62,15,27,0
21746,62,15,27,0
21747,62,15,27,0
21748,62,15,27,0
21749,62,15,27,0
21750,62,15,27,0
21751,62,15,27,0
21752,62,15,27,0
21753,62,15,27,0
21754,62,15,27,0
21755,62,15,27,0
21756,62,15,27,0
21757,62,15,27,0
21758,62,15,27,0
21759,62,15,27,0
21760,62,15,27,0
21761,62,15,27,0
21762,62,15,27,0
21763,62,15,27,0
21764,62,15,27,0
21765,62,15,27,0
21766,62,15,27,0
21767,62,15,27,0
21768,62,15,27,0
21769,62,15,27,0
21770,62,15,27,0
21771,62,15,27,0
21772,62,15,27,0
21773,62,15,27,0
21774,62,15,27,0
21775,62,15,27,0
21776,62,15,27,0
21777,62,15,27,0
21778,62,15,27,0
21779,62,15,27,0
21780,62,15,27,0
21781,62,15,27,0
21782,62,15,27,0
21783,62,15,27,0
21784,62,15,27,0
21785,62,15,27,0
21786,62,15,27,0
21787,62,15,27,0
21788,62,15,27,0
21789,62,15,27,0
21790,62,15,27,0
21791,62,15,27,0
21792,62,15,27,0
21793,62,15,27,0
21794,62,15,27,0
21795,62,15,27,0
21796,62,15,27,0
21797,62,15,27,0
21798,62,15,27,0
21799,62,15,27,0
21800,62,15,27,0
21801,62,15,27,0
21802,62,15,27,0
21803,62,15,27,0
21804,62,15,27,0
21805,62,15,27,0
21806,62,15,27,0
21807,62,15,27,0
21808,62,15,27,0
21809,62,15,27,0
21810,62,15,27,0
21811,62,15,27,0
21812,62,15,27,0
21813,62,15,27,0
21814,62,15,27,0
21815,62,15,27,0
21816,62,15,27,0
21817,62,15,27,0
21818,62,15,27,0
21819,62,15,27,0
21820,62,15,27,0
21821,62,15,27,0
21822,62,15,27,0
21823,62,15,27,0
21824,62,15,27,0
21825,62,15,27,0
21826,62,15,27,0
21827,62,15,27,0
21828,62,15,27,0
21829,62,15,27,0
21830,62,15,27,0
21831,62,15,27,0
21832,62,15,27,0
21833,62,15,27,0
21834,62,15,27,0
21835,62,15,27,0
21836,62,15,27,0
21837,62,15,27,0
21838,62,15,27,0
21839,62,15,27,0
21840,62,15,27,0
21841,62,15,27,0
21842,62,15,27,0
21843,62,15,27,0
21844,62,15,27,0
21845,62,15,27,0
21846,62,15,27,0
21847,62,15,27,0
21848,62,15,27,0
21849,62,15,27,0
21850,62,15,27,0
21851,62,15,27,0
21852,62,15,27,0
21853,62,15,27,0
21854,62,15,27,0
21855,62,15,27,0
21856,62,15,27,0
21857,62,15,27,0
21858,62,15,27,0
21859,62,15,27,0
21860,62,15,27,0
21861,62,15,27,0
21862,62,15,27,0
21863,62,15,27,0
21864,62,15,27,0
21865,62,15,27,0
21866,62,15,27,0
21867,62,15,27,0
21868,62,15,27,0
21869,62,15,27,0
21870,62,15,27,0
21871,62,15,27,0
21872,62,15,27,0
21873,62,15,27,0
21874,62,15,27,0
21875,62,15,27,0
21876,62,15,27,0
21877,62,15,27,0
21878,62,15,27,0
21879,62,15,27,0
21880,62,15,27,0
21881,62,15,27,0
21882,62,15,27,0
21883,62,15,27,0
21884,62,15,27,0
21885,62,15,27,0
21886,62,15,27,0
21887,62,15,27,0
21888,62,15,27,0
21889,62,15,27,0
21890,62,15,27,0
21891,62,15,27,0
21892,62,15,27,0
21893,62,15,27,0
21894,62,15,27,0
21895,62,15,27,0
21896,62,15,27,0
21897,62,15,27,0
21898,62,15,27,0
21899,62,15,27,0
21900,62,15,27,0
21901,62,15,27,0
21902,62,15,27,0
21903,62,15,27,0
21904,62,15,27,0
21905,62,15,27,0
21906,62,15,27,0
21907,62,15,27,0
21908,62,15,27,0
21909,62,15,27,0
21910,62,15,27,0
21911,62,15,27,0
21912,62,15,27,0
21913,62,15,27,0
21914,62,15,27,0
21915,62,15,27,0
21916,62,15,27,0
21917,62,15,27,0
21918,62,15,27,0
21919,62,15,27,0
21920,62,15,27,0
21921,62,15,27,0
21922,62,15,27,0
21923,62,15,27,0
21924,62,15,27,0
21925,62,15,27,0
21926,62,15,27,0
21927,62,15,27,0
21928,62,15,27,0
21929,62,15,27,0
21930,62,15,27,0
21931,62,15,27,0
21932,62,15,27,0
21933,62,15,27,0
21934,62,15,27,0
21935,62,15,27,0
21936,62,15,27,0
21937,62,15,27,0
21938,62,15,27,0
21939,62,15,27,0
21940,62,15,27,0
21941,62,15,27,0
21942,62,15,27,0
21943,62,15,27,0
21944,62,15,27,0
21945,62,15,27,0
21946,62,15,27,0
21947,62,15,27,0
21948,62,15,27,0
21949,62,15,27,0
21950,62,15,27,0
21951,62,15,27,0
21952,62,15,27,0
21953,62,15,27,0
21954,62,15,27,0
21955,62,15,27,0
21956,62,15,27,0
21957,62,15,27,0
21958,62,15,27,0
21959,62,15,27,0
21960,62,15,27,0
21961,62,15,27,0
21962,62,15,27,0
21963,62,15,27,0
21964,62,15,27,0
21965,62,15,27,0
21966,62,15,27,0
21967,62,15,27,0
21968,62,15,27,0
21969,62,15,27,0
21970,62,15,27,0
21971,62,15,27,0
21972,62,15,27,0
21973,62,15,27,0
21974,62,15,27,0
21975,62,15,27,0
21976,62,15,27,0
21977,62,15,27,0
21978,62,15,27,0
21979,62,15,27,0
21980,62,15,27,0
21981,62,15,27,0
21982,62,15,27,0
21983,62,15,27,0
21984,62,15,27,0
21985,62,15,27,0
21986,62,15,27,0
21987,62,15,27,0
21988,62,15,27,0
21989,62,15,27,0
21990,62,15,27,0
21991,62,15,27,0
21992,62,15,27,0
21993,62,15,27,0
21994,62,15,27,0
21995,62,15,27,0
21996,62,15,27,0
21997,62,15,27,0
21998,62,15,27,0
21999,62,15,27,0
22000,62,15,27,0
22001,62,15,27,0
22002,62,15,27,0
22003,62,15,27,0
22004,62,15,27,0
22005,62,15,27,0
22006,62,15,27,0
22007,62,15,27,0
22008,62,15,27,0
22009,62,15,27,0
22010,62,15,27,0
22011,62,15,27,0
22012,62,15,27,0
22013,62,15,27,0
22014,62,15,27,0
22015,62,15,27,0
22016,62,15,27,0
22017,62,15,27,0
22018,62,15,27,0
22019,62,15,27,0
22020,62,15,27,0
22021,62,15,27,0
22022,62,15,27,0
22023,62,15,27,0
22024,62,15,27,0
22025,62,15,27,0
22026,62,15,27,0
22027,62,15,27,0
22028,62,15,27,0
22029,62,15,27,0
22030,62,15,27,0
22031,62,15,27,0
22032,62,15,27,0
22033,62,15,27,0
22034,62,15,27,0
22035,62,15,27,0
22036,62,15,27,0
22037,62,15,27,0
22038,62,15,27,0
22039,62,15,27,0
22040,62,15,27,0
22041,62,15,27,0
22042,62,15,27,0
22043,62,15,27,0
22044,62,15,27,0
22045,62,15,27,0
22046,62,15,27,0
22047,62,15,27,0
22048,62,15,27,0
22049,62,15,27,0
22050,62,15,27,0
22051,62,15,27,0
22052,62,15,27,0
22053,62,15,27,0
22054,62,15,27,0
22055,62,15,27,0
22056,62,15,27,0
22057,62,15,27,0
22058,62,15,27,0
22059,62,15,27,0
22060,62,15,27,0
22061,62,15,27,0
22062,62,15,27,0
22063,62,15,27,0
22064,62,15,27,0
22065,62,15,27,0
22066,62,15,27,0
22067,62,15,27,0
22068,62,15,27,0
22069,62,15,27,0
22070,62,15,27,0
22071,62,15,27,0
22072,62,15,27,0
22073,62,15,27,0
22074,62,15,27,0
22075,62,15,27,0
22076,62,15,27,0
22077,62,15,27,0
22078,62,15,27,0
22079,62,15,27,0
22080,62,15,27,0
22081,62,15,27,0
22082,62,15,27,0
22083,62,15,27,0
22084,62,15,27,0
22085,62,15,27,0
22086,62,15,27,0
22087,62,15,27,0
22088,62,15,27,0
22089,62,15,27,0
22090,62,15,27,0
22091,62,15,27,0
22092,62,15,27,0
22093,62,15,27,0
22094,62,15,27,0
22095,62,15,27,0
22096,62,15,27,0
22097,62,15,27,0
22098,62,15,27,0
22099,62,15,27,0
22100,62,15,27,0
22101,62,15,27,0
22102,62,15,27,0
22103,62,15,27,0
22104,62,15,27,0
22105,62,15,27,0
22106,62,15,27,0
22107,62,15,27,0
22108,62,15,27,0
22109,62,15,27,0
22110,62,15,27,0
22111,62,15,27,0
22112,62,15,27,0
22113,62,15,27,0
22114,62,15,27,0
22115,62,15,27,0
22116,62,15,27,0
22117,62,15,27,0
22118,62,15,27,0
22119,62,15,27,0
22120,62,15,27,0
22121,62,15,27,0
22122,62,15,27,0
22123,62,15,27,0
22124,62,15,27,0
22125,62,15,27,0
22126,62,15,27,0
22127,62,15,27,0
22128,62,15,27,0
22129,62,15,27,0
22130,62,15,27,0
22131,62,15,27,0
22132,62,15,27,0
22133,62,15,27,0
22134,62,15,27,0
22135,62,15,27,0
22136,62,15,27,0
22137,62,15,27,0
22138,62,15,27,0
22139,62,15,27,0
22140,62,15,27,0
22141,62,15,27,0
22142,62,15,27,0
22143,62,15,27,0
22144,62,15,27,0
22145,62,15,27,0
22146,62,15,27,0
22147,62,15,27,0
22148,62,15,27,0
22149,62,15,27,0
22150,62,15,27,0
22151,62,15,27,0
22152,62,15,27,0
22153,62,15,27,0
22154,62,15,27,0
22155,62,15,27,0
22156,62,15,27,0
22157,62,15,27,0
22158,62,15,27,0
22159,62,15,27,0
22160,62,15,27,0
22161,62,15,27,0
22162,62,15,27,0
22163,62,15,27,0
22164,62,15,27,0
22165,62,15,27,0
22166,62,15,27,0
22167,62,15,27,0
22168,62,15,27,0
22169,62,15,27,0
22170,62,15,27,0
22171,62,15,27,0
22172,62,15,27,0
22173,62,15,27,0
22174,62,15,27,0
22175,62,15,27,0
22176,62,15,27,0
22177,62,15,27,0
22178,62,15,27,0
22179,62,15,27,0
22180,62,15,27,0
22181,62,15,27,0
22182,62,15,27,0
22183,62,15,27,0
22184,62,15,27,0
22185,62,15,27,0
22186,62,15,27,0
22187,62,15,27,0
22188,62,15,27,0
22189,62,15,27,0
22190,62,15,27,0
22191,62,15,27,0
22192,62,15,27,0
22193,62,15,27,0
22194,62,15,27,0
22195,62,15,27,0
22196,62,15,27,0
22197,62,15,27,0
22198,62,15,27,0
22199,62,15,27,0
22200,62,15,27,0
22201,62,15,27,0
22202,62,15,27,0
22203,62,15,27,0
22204,62,15,27,0
22205,62,15,27,0
22206,62,15,27,0
22207,62,15,27,0
22208,62,15,27,0
22209,62,15,27,0
22210,62,15,27,0
22211,62,15,27,0
22212,62,15,27,0
22213,62,15,27,0
22214,62,15,27,0
22215,62,15,27,0
22216,62,15,27,0
22217,62,15,27,0
22218,62,15,27,0
22219,62,15,27,0
22220,62,15,27,0
22221,62,15,27,0
22222,62,15,27,0
22223,62,15,27,0
22224,62,15,27,0
22225,62,15,27,0
22226,62,15,27,0
22227,62,15,27,0
22228,62,15,27,0
22229,62,15,27,0
22230,62,15,27,0
22231,62,15,27,0
22232,62,15,27,0
22233,62,15,27,0
22234,62,15,27,0
22235,62,15,27,0
22236,62,15,27,0
22237,62,15,27,0
22238,62,15,27,0
22239,62,15,27,0
22240,62,15,27,0
22241,62,15,27,0
22242,62,15,27,0
22243,62,15,27,0
22244,62,15,27,0
22245,62,15,27,0
22246,62,15,27,0
22247,62,15,27,0
22248,62,15,27,0
22249,62,15,27,0
22250,62,15,27,0
22251,62,15,27,0
22252,62,15,27,0
22253,62,15,27,0
22254,62,15,27,0
22255,62,15,27,0
22256,62,15,27,0
22257,62,15,27,0
22258,62,15,27,0
22259,62,15,27,0
22260,62,15,27,0
22261,62,15,27,0
22262,62,15,27,0
22263,62,15,27,0
22264,62,15,27,0
22265,62,15,27,0
22266,62,15,27,0
22267,62,15,27,0
22268,62,15,27,0
22269,62,15,27,0
22270,62,15,27,0
22271,62,15,27,0
22272,62,15,27,0
22273,62,15,27,0
22274,62,15,27,0
22275,62,15,27,0
22276,62,15,27,0
22277,62,15,27,0
22278,62,15,27,0
22279,62,15,27,0
22280,62,15,27,0
22281,62,15,27,0
22282,62,15,27,0
22283,62,15,27,0
22284,62,15,27,0
22285,62,15,27,0
22286,62,15,27,0
22287,62,15,27,0
22288,62,15,27,0
22289,62,15,27,0
22290,62,15,27,0
22291,62,15,27,0
22292,62,15,27,0
22293,62,15,27,0
22294,62,15,27,0
22295,62,15,27,0
22296,62,15,27,0
22297,62,15,27,0
22298,62,15,27,0
22299,62,15,27,0
22300,62,15,27,0
22301,62,15,27,0
22302,62,15,27,0
22303,62,15,27,0
22304,62,15,27,0
22305,62,15,27,0
22306,62,15,27,0
22307,62,15,27,0
22308,62,15,27,0
22309,62,15,27,0
22310,62,15,27,0
22311,62,15,27,0
22312,62,15,27,0
22313,62,15,27,0
22314,62,15,27,0
22315,62,15,27,0
22316,62,15,27,0
22317,62,15,27,0
22318,62,15,27,0
22319,62,15,27,0
22320,62,15,27,0
22321,62,15,27,0
22322,62,15,27,0
22323,62,15,27,0
22324,62,15,27,0
22325,62,15,27,0
22326,62,15,27,0
22327,62,15,27,0
22328,62,15,27,0
22329,62,15,27,0
22330,62,15,27,0
22331,62,15,27,0
22332,62,15,27,0
22333,62,15,27,0
22334,62,15,27,0
22335,62,15,27,0
22336,62,15,27,0
22337,62,15,27,0
22338,62,15,27,0
22339,62,15,27,0
22340,62,15,27,0
22341,62,15,27,0
22342,62,15,27,0
22343,62,15,27,0
22344,62,15,27,0
22345,62,15,27,0
22346,62,15,27,0
22347,62,15,27,0
22348,62,15,27,0
22349,62,15,27,0
22350,62,15,27,0
22351,62,15,27,0
22352,62,15,27,0
22353,62,15,27,0
22354,62,15,27,0
22355,62,15,27,0
22356,62,15,27,0
22357,62,15,27,0
22358,62,15,27,0
22359,62,15,27,0
22360,62,15,27,0
22361,62,15,27,0
22362,62,15,27,0
22363,62,15,27,0
22364,62,15,27,0
22365,62,15,27,0
22366,62,15,27,0
22367,62,15,27,0
22368,62,15,27,0
22369,62,15,27,0
22370,62,15,27,0
22371,62,15,27,0
22372,62,15,27,0
22373,62,15,27,0
22374,62,15,27,0
22375,62,15,27,0
22376,62,15,27,0
22377,62,15,27,0
22378,62,15,27,0
22379,62,15,27,0
22380,62,15,27,0
22381,62,15,27,0
22382,62,15,27,0
22383,62,15,27,0
22384,62,15,27,0
22385,62,15,27,0
22386,62,15,27,0
22387,62,15,27,0
22388,62,15,27,0
22389,62,15,27,0
22390,62,15,27,0
22391,62,15,27,0
22392,62,15,27,0
22393,62,15,27,0
22394,62,15,27,0
22395,62,15,27,0
22396,62,15,27,0
22397,62,15,27,0
22398,62,15,27,0
22399,62,15,27,0
22400,62,15,27,0
22401,62,15,27,0
22402,62,15,27,0
22403,62,15,27,0
22404,62,15,27,0
22405,62,15,27,0
22406,62,15,27,0
22407,62,15,27,0
22408,62,15,27,0
22409,62,15,27,0
22410,62,15,27,0
22411,62,15,27,0
22412,62,15,27,0
22413,62,15,27,0
22414,62,15,27,0
22415,62,15,27,0
22416,62,15,27,0
22417,62,15,27,0
22418,62,15,27,0
22419,62,15,27,0
22420,62,15,27,0
22421,62,15,27,0
22422,62,15,27,0
22423,62,15,27,0
22424,62,15,27,0
22425,62,15,27,0
22426,62,15,27,0
22427,62,15,27,0
22428,62,15,27,0
22429,62,15,27,0
22430,62,15,27,0
22431,62,15,27,0
22432,62,15,27,0
22433,62,15,27,0
22434,62,15,27,0
22435,62,15,27,0
22436,62,15,27,0
22437,62,15,27,0
22438,62,15,27,0
22439,62,15,27,0
22440,62,15,27,0
22441,62,15,27,0
22442,62,15,27,0
22443,62,15,27,0
22444,62,15,27,0
22445,62,15,27,0
22446,62,15,27,0
22447,62,15,27,0
22448,62,15,27,0
22449,62,15,27,0
22450,62,15,27,0
22451,62,15,27,0
22452,62,15,27,0
22453,62,15,27,0
22454,62,15,27,0
22455,62,15,27,0
22456,62,15,27,0
22457,62,15,27,0
22458,62,15,27,0
22459,62,15,27,0
22460,62,15,27,0
22461,62,15,27,0
22462,62,15,27,0
22463,62,15,27,0
22464,62,15,27,0
22465,62,15,27,0
22466,62,15,27,0
22467,62,15,27,0
22468,62,15,27,0
22469,62,15,27,0
22470,62,15,27,0
22471,62,15,27,0
22472,62,15,27,0
22473,62,15,27,0
22474,62,15,27,0
22475,62,15,27,0
22476,62,15,27,0
22477,62,15,27,0
22478,62,15,27,0
22479,62,15,27,0
22480,62,15,27,0
22481,62,15,27,0
22482,62,15,27,0
22483,62,15,27,0
22484,62,15,27,0
22485,62,15,27,0
22486,62,15,27,0
22487,62,15,27,0
22488,62,15,27,0
22489,62,15,27,0
22490,62,15,27,0
22491,62,15,27,0
22492,62,15,27,0
22493,62,15,27,0
22494,62,15,27,0
22495,62,15,27,0
22496,62,15,27,0
22497,62,15,27,0
22498,62,15,27,0
22499,62,15,27,0
22500,62,15,27,0
22501,62,15,27,0
22502,62,15,27,0
22503,62,15,27,0
22504,62,15,27,0
22505,62,15,27,0
22506,62,15,27,0
22507,62,15,27,0
22508,62,15,27,0
22509,62,15,27,0
22510,62,15,27,0
22511,62,15,27,0
22512,62,15,27,0
22513,62,15,27,0
22514,62,15,27,0
22515,62,15,27,0
22516,62,15,27,0
22517,62,15,27,0
22518,62,15,27,0
22519,62,15,27,0
22520,62,15,27,0
22521,62,15,27,0
22522,62,15,27,0
22523,62,15,27,0
22524,62,15,27,0
22525,62,15,27,0
22526,62,15,27,0
22527,62,15,27,0
22528,62,15,27,0
22529,62,15,27,0
22530,62,15,27,0
22531,62,15,27,0
22532,62,15,27,0
22533,62,15,27,0
22534,62,15,27,0
22535,62,15,27,0
22536,62,15,27,0
22537,62,15,27,0
22538,62,15,27,0
22539,62,15,27,0
22540,62,15,27,0
22541,62,15,27,0
22542,62,15,27,0
22543,62,15,27,0
22544,62,15,27,0
22545,62,15,27,0
22546,62,15,27,0
22547,62,15,27,0
22548,62,15,27,0
22549,62,15,27,0
22550,62,15,27,0
22551,62,15,27,0
22552,62,15,27,0
22553,62,15,27,0
22554,62,15,27,0
22555,62,15,27,0
22556,62,15,27,0
22557,62,15,27,0
22558,62,15,27,0
22559,62,15,27,0
22560,62,15,27,0
22561,62,15,27,0
22562,62,15,27,0
22563,62,15,27,0
22564,62,15,27,0
22565,62,15,27,0
22566,62,15,27,0
22567,62,15,27,0
22568,62,15,27,0
22569,62,15,27,0
22570,62,15,27,0
22571,62,15,27,0
22572,62,15,27,0
22573,62,15,27,0
22574,62,15,27,0
22575,62,15,27,0
22576,62,15,27,0
22577,62,15,27,0
22578,62,15,27,0
22579,62,15,27,0
22580,62,15,27,0
22581,62,15,27,0
22582,62,15,27,0
22583,62,15,27,0
22584,62,15,27,0
22585,62,15,27,0
22586,62,15,27,0
22587,62,15,27,0
22588,62,15,27,0
22589,62,15,27,0
22590,62,15,27,0
22591,62,15,27,0
22592,62,15,27,0
22593,62,15,27,0
22594,62,15,27,0
22595,62,15,27,0
22596,62,15,27,0
22597,62,15,27,0
22598,62,15,27,0
22599,62,15,27,0
22600,62,15,27,0
22601,62,15,27,0
22602,62,15,27,0
22603,62,15,27,0
22604,62,15,27,0
22605,62,15,27,0
22606,62,15,27,0
22607,62,15,27,0
22608,62,15,27,0
22609,62,15,27,0
22610,62,15,27,0
22611,62,15,27,0
22612,62,15,27,0
22613,62,15,27,0
22614,62,15,27,0
22615,62,15,27,0
22616,62,15,27,0
22617,62,15,27,0
22618,62,15,27,0
22619,62,15,27,0
22620,62,15,27,0
22621,62,15,27,0
22622,62,15,27,0
22623,62,15,27,0
22624,62,15,27,0
22625,62,15,27,0
22626,62,15,27,0
22627,62,15,27,0
22628,62,15,27,0
22629,62,15,27,0
22630,62,15,27,0
22631,62,15,27,0
22632,62,15,27,0
22633,62,15,27,0
22634,62,15,27,0
22635,62,15,27,0
22636,62,15,27,0
22637,62,15,27,0
22638,62,15,27,0
22639,62,15,27,0
22640,62,15,27,0
22641,62,15,27,0
22642,62,15,27,0
22643,62,15,27,0
22644,62,15,27,0
22645,62,15,27,0
22646,62,15,27,0
22647,62,15,27,0
22648,62,15,27,0
22649,62,15,27,0
22650,62,15,27,0
22651,62,15,27,0
22652,62,15,27,0
22653,62,15,27,0
22654,62,15,27,0
22655,62,15,27,0
22656,62,15,27,0
22657,62,15,27,0
22658,62,15,27,0
22659,62,15,27,0
22660,62,15,27,0
22661,62,15,27,0
22662,62,15,27,0
22663,62,15,27,0
22664,62,15,27,0
22665,62,15,27,0
22666,62,15,27,0
22667,62,15,27,0
22668,62,15,27,0
22669,62,15,27,0
22670,62,15,27,0
22671,62,15,27,0
22672,62,15,27,0
22673,62,15,27,0
22674,62,15,27,0
22675,62,15,27,0
22676,62,15,27,0
22677,62,15,27,0
22678,62,15,27,0
22679,62,15,27,0
22680,62,15,27,0
22681,62,15,27,0
22682,62,15,27,0
22683,62,15,27,0
22684,62,15,27,0
22685,62,15,27,0
22686,62,15,27,0
22687,62,15,27,0
22688,62,15,27,0
22689,62,15,27,0
22690,62,15,27,0
22691,62,15,27,0
22692,62,15,27,0
22693,62,15,27,0
22694,62,15,27,0
22695,62,15,27,0
22696,62,15,27,0
22697,62,15,27,0
22698,62,15,27,0
22699,62,15,27,0
22700,62,15,27,0
22701,62,15,27,0
22702,62,15,27,0
22703,62,15,27,0
22704,62,15,27,0
22705,62,15,27,0
22706,62,15,27,0
22707,62,15,27,0
22708,62,15,27,0
22709,62,15,27,0
22710,62,15,27,0
22711,62,15,27,0
22712,62,15,27,0
22713,62,15,27,0
22714,62,15,27,0
22715,62,15,27,0
22716,62,15,27,0
22717,62,15,27,0
22718,62,15,27,0
22719,62,15,27,0
22720,62,15,27,0
22721,62,15,27,0
22722,62,15,27,0
22723,62,15,27,0
22724,62,15,27,0
22725,62,15,27,0
22726,62,15,27,0
22727,62,15,27,0
22728,62,15,27,0
22729,62,15,27,0
22730,62,15,27,0
22731,62,15,27,0
22732,62,15,27,0
22733,62,15,27,0
22734,62,15,27,0
22735,62,15,27,0
22736,62,15,27,0
22737,62,15,27,0
22738,62,15,27,0
22739,62,15,27,0
22740,62,15,27,0
22741,62,15,27,0
22742,62,15,27,0
22743,62,15,27,0
22744,62,15,27,0
22745,62,15,27,0
22746,62,15,27,0
22747,62,15,27,0
22748,62,15,27,0
22749,62,15,27,0
22750,62,15,27,0
22751,62,15,27,0
22752,62,15,27,0
22753,62,15,27,0
22754,62,15,27,0
22755,62,15,27,0
22756,62,15,27,0
22757,62,15,27,0
22758,62,15,27,0
22759,62,15,27,0
22760,62,15,27,0
22761,62,15,27,0
22762,62,15,27,0
22763,62,15,27,0
22764,62,15,27,0
22765,62,15,27,0
22766,62,15,27,0
22767,62,15,27,0
22768,62,15,27,0
22769,62,15,27,0
22770,62,15,27,0
22771,62,15,27,0
22772,62,15,27,0
22773,62,15,27,0
22774,62,15,27,0
22775,62,15,27,0
22776,62,15,27,0
22777,62,15,27,0
22778,62,15,27,0
22779,62,15,27,0
22780,62,15,27,0
22781,62,15,27,0
22782,62,15,27,0
22783,62,15,27,0
22784,62,15,27,0
22785,62,15,27,0
22786,62,15,27,0
22787,62,15,27,0
22788,62,15,27,0
22789,62,15,27,0
22790,62,15,27,0
22791,62,15,27,0
22792,62,15,27,0
22793,62,15,27,0
22794,62,15,27,0
22795,62,15,27,0
22796,62,15,27,0
22797,62,15,27,0
22798,62,15,27,0
22799,62,15,27,0
22800,62,15,27,0
22801,62,15,27,0
22802,62,15,27,0
22803,62,15,27,0
22804,62,15,27,0
22805,62,15,27,0
22806,62,15,27,0
22807,62,15,27,0
22808,62,15,27,0
22809,62,15,27,0
22810,62,15,27,0
22811,62,15,27,0
22812,62,15,27,0
22813,62,15,27,0
22814,62,15,27,0
22815,62,15,27,0
22816,62,15,27,0
22817,62,15,27,0
22818,62,15,27,0
22819,62,15,27,0
22820,62,15,27,0
22821,62,15,27,0
22822,62,15,27,0
22823,62,15,27,0
22824,62,15,27,0
22825,62,15,27,0
22826,62,15,27,0
22827,62,15,27,0
22828,62,15,27,0
22829,62,15,27,0
22830,62,15,27,0
22831,62,15,27,0
22832,62,15,27,0
22833,62,15,27,0
22834,62,15,27,0
22835,62,15,27,0
22836,62,15,27,0
22837,62,15,27,0
22838,62,15,27,0
22839,62,15,27,0
22840,62,15,27,0
22841,62,15,27,0
22842,62,15,27,0
22843,62,15,27,0
22844,62,15,27,0
22845,62,15,27,0
22846,62,15,27,0
22847,62,15,27,0
22848,62,15,27,0
22849,62,15,27,0
22850,62,15,27,0
22851,62,15,27,0
22852,62,15,27,0
22853,62,15,27,0
22854,62,15,27,0
22855,62,15,27,0
22856,62,15,27,0
22857,62,15,27,0
22858,62,15,27,0
22859,62,15,27,0
22860,62,15,27,0
22861,62,15,27,0
22862,62,15,27,0
22863,62,15,27,0
22864,62,15,27,0
22865,62,15,27,0
22866,62,15,27,0
22867,62,15,27,0
22868,62,15,27,0
22869,62,15,27,0
22870,62,15,27,0
22871,62,15,27,0
22872,62,15,27,0
22873,62,15,27,0
22874,62,15,27,0
22875,62,15,27,0
22876,62,15,27,0
22877,62,15,27,0
22878,62,15,27,0
22879,62,15,27,0
22880,62,15,27,0
22881,62,15,27,0
22882,62,15,27,0
22883,62,15,27,0
22884,62,15,27,0
22885,62,15,27,0
22886,62,15,27,0
22887,62,15,27,0
22888,62,15,27,0
22889,62,15,27,0
22890,62,15,27,0
22891,62,15,27,0
22892,62,15,27,0
22893,62,15,27,0
22894,62,15,27,0
22895,62,15,27,0
22896,62,15,27,0
22897,62,15,27,0
22898,62,15,27,0
22899,62,15,27,0
22900,62,15,27,0
22901,62,15,27,0
22902,62,15,27,0
22903,62,15,27,0
22904,62,15,27,0
22905,62,15,27,0
22906,62,15,27,0
22907,62,15,27,0
22908,62,15,27,0
22909,62,15,27,0
22910,62,15,27,0
22911,62,15,27,0
22912,62,15,27,0
22913,62,15,27,0
22914,62,15,27,0
22915,62,15,27,0
22916,62,15,27,0
22917,62,15,27,0
22918,62,15,27,0
22919,62,15,27,0
22920,62,15,27,0
22921,62,15,27,0
22922,62,15,27,0
22923,62,15,27,0
22924,62,15,27,0
22925,62,15,27,0
22926,62,15,27,0
22927,62,15,27,0
22928,62,15,27,0
22929,62,15,27,0
22930,62,15,27,0
22931,62,15,27,0
22932,62,15,27,0
22933,62,15,27,0
22934,62,15,27,0
22935,62,15,27,0
22936,62,15,27,0
22937,62,15,27,0
22938,62,15,27,0
22939,62,15,27,0
22940,62,15,27,0
22941,62,15,27,0
22942,62,15,27,0
22943,62,15,27,0
22944,62,15,27,0
22945,62,15,27,0
22946,62,15,27,0
22947,62,15,27,0
22948,62,15,27,0
22949,62,15,27,0
22950,62,15,27,0
22951,62,15,27,0
22952,62,15,27,0
22953,62,15,27,0
22954,62,15,27,0
22955,62,15,27,0
22956,62,15,27,0
22957,62,15,27,0
22958,62,15,27,0
22959,62,15,27,0
22960,62,15,27,0
22961,62,15,27,0
22962,62,15,27,0
22963,62,15,27,0
22964,62,15,27,0
22965,62,15,27,0
22966,62,15,27,0
22967,62,15,27,0
22968,62,15,27,0
22969,62,15,27,0
22970,62,15,27,0
22971,62,15,27,0
22972,62,15,27,0
22973,62,15,27,0
22974,62,15,27,0
22975,62,15,27,0
22976,62,15,27,0
22977,62,15,27,0
22978,62,15,27,0
22979,62,15,27,0
22980,62,15,27,0
22981,62,15,27,0
22982,62,15,27,0
22983,62,15,27,0
22984,62,15,27,0
22985,62,15,27,0
22986,62,15,27,0
22987,62,15,27,0
22988,62,15,27,0
22989,62,15,27,0
22990,62,15,27,0
22991,62,15,27,0
22992,62,15,27,0
22993,62,15,27,0
22994,62,15,27,0
22995,62,15,27,0
22996,62,15,27,0
22997,62,15,27,0
22998,62,15,27,0
22999,62,15,27,0
23000,62,15,27,0
23001,62,15,27,0
23002,62,15,27,0
23003,62,15,27,0
23004,62,15,27,0
23005,62,15,27,0
23006,62,15,27,0
23007,62,15,27,0
23008,62,15,27,0
23009,62,15,27,0
23010,62,15,27,0
23011,62,15,27,0
23012,62,15,27,0
23013,62,15,27,0
23014,62,15,27,0
23015,62,15,27,0
23016,62,15,27,0
23017,62,15,27,0
23018,62,15,27,0
23019,62,15,27,0
23020,62,15,27,0
23021,62,15,27,0
23022,62,15,27,0
23023,62,15,27,0
23024,62,15,27,0
23025,62,15,27,0
23026,62,15,27,0
23027,62,15,27,0
23028,62,15,27,0
23029,62,15,27,0
23030,62,15,27,0
23031,62,15,27,0
23032,62,15,27,0
23033,62,15,27,0
23034,62,15,27,0
23035,62,15,27,0
23036,62,15,27,0
23037,62,15,27,0
23038,62,15,27,0
23039,62,15,27,0
23040,62,15,27,0
23041,62,15,27,0
23042,62,15,27,0
23043,62,15,27,0
23044,62,15,27,0
23045,62,15,27,0
23046,62,15,27,0
23047,62,15,27,0
23048,62,15,27,0
23049,62,15,27,0
23050,62,15,27,0
23051,62,15,27,0
23052,62,15,27,0
23053,62,15,27,0
23054,62,15,27,0
23055,62,15,27,0
23056,62,15,27,0
23057,62,15,27,0
23058,62,15,27,0
23059,62,15,27,0
23060,62,15,27,0
23061,62,15,27,0
23062,62,15,27,0
23063,62,15,27,0
23064,62,15,27,0
23065,62,15,27,0
23066,62,15,27,0
23067,62,15,27,0
23068,62,15,27,0
23069,62,15,27,0
23070,62,15,27,0
23071,62,15,27,0
23072,62,15,27,0
23073,62,15,27,0
23074,62,15,27,0
23075,62,15,27,0
23076,62,15,27,0
23077,62,15,27,0
23078,62,15,27,0
23079,62,15,27,0
23080,62,15,27,0
23081,62,15,27,0
23082,62,15,27,0
23083,62,15,27,0
23084,62,15,27,0
23085,62,15,27,0
23086,62,15,27,0
23087,62,15,27,0
23088,62,15,27,0
23089,62,15,27,0
23090,62,15,27,0
23091,62,15,27,0
23092,62,15,27,0
23093,62,15,27,0
23094,62,15,27,0
23095,62,15,27,0
23096,62,15,27,0
23097,62,15,27,0
23098,62,15,27,0
23099,62,15,27,0
23100,62,15,27,0
23101,62,15,27,0
23102,62,15,27,0
23103,62,15,27,0
23104,62,15,27,0
23105,62,15,27,0
23106,62,15,27,0
23107,62,15,27,0
23108,62,15,27,0
23109,62,15,27,0
23110,62,15,27,0
23111,62,15,27,0
23112,62,15,27,0
23113,62,15,27,0
23114,62,15,27,0
23115,62,15,27,0
23116,62,15,27,0
23117,62,15,27,0
23118,62,15,27,0
23119,62,15,27,0
23120,62,15,27,0
23121,62,15,27,0
23122,62,15,27,0
23123,62,15,27,0
23124,62,15,27,0
23125,62,15,27,0
23126,62,15,27,0
23127,62,15,27,0
23128,62,15,27,0
23129,62,15,27,0
23130,62,15,27,0
23131,62,15,27,0
23132,62,15,27,0
23133,62,15,27,0
23134,62,15,27,0
23135,62,15,27,0
23136,62,15,27,0
23137,62,15,27,0
23138,62,15,27,0
23139,62,15,27,0
23140,62,15,27,0
23141,62,15,27,0
23142,62,15,27,0
23143,62,15,27,0
23144,62,15,27,0
23145,62,15,27,0
23146,62,15,27,0
23147,62,15,27,0
23148,62,15,27,0
23149,62,15,27,0
23150,62,15,27,0
23151,62,15,27,0
23152,62,15,27,0
23153,62,15,27,0
23154,62,15,27,0
23155,62,15,27,0
23156,62,15,27,0
23157,62,15,27,0
23158,62,15,27,0
23159,62,15,27,0
23160,62,15,27,0
23161,62,15,27,0
23162,62,15,27,0
23163,62,15,27,0
23164,62,15,27,0
23165,62,15,27,0
23166,62,15,27,0
23167,62,15,27,0
23168,62,15,27,0
23169,62,15,27,0
23170,62,15,27,0
23171,62,15,27,0
23172,62,15,27,0
23173,62,15,27,0
23174,62,15,27,0
23175,62,15,27,0
23176,62,15,27,0
23177,62,15,27,0
23178,62,15,27,0
23179,62,15,27,0
23180,62,15,27,0
23181,62,15,27,0
23182,62,15,27,0
23183,62,15,27,0
23184,62,15,27,0
23185,62,15,27,0
23186,62,15,27,0
23187,62,15,27,0
23188,62,15,27,0
23189,62,15,27,0
23190,62,15,27,0
23191,62,15,27,0
23192,62,15,27,0
23193,62,15,27,0
23194,62,15,27,0
23195,62,15,27,0
23196,62,15,27,0
23197,62,15,27,0
23198,62,15,27,0
23199,62,15,27,0
23200,62,15,27,0
23201,62,15,27,0
23202,62,15,27,0
23203,62,15,27,0
23204,62,15,27,0
23205,62,15,27,0
23206,62,15,27,0
23207,62,15,27,0
23208,62,15,27,0
23209,62,15,27,0
23210,62,15,27,0
23211,62,15,27,0
23212,62,15,27,0
23213,62,15,27,0
23214,62,15,27,0
23215,62,15,27,0
23216,62,15,27,0
23217,62,15,27,0
23218,62,15,27,0
23219,62,15,27,0
23220,62,15,27,0
23221,62,15,27,0
23222,62,15,27,0
23223,62,15,27,0
23224,62,15,27,0
23225,62,15,27,0
23226,62,15,27,0
23227,62,15,27,0
23228,62,15,27,0
23229,62,15,27,0
23230,62,15,27,0
23231,62,15,27,0
23232,62,15,27,0
23233,62,15,27,0
23234,62,15,27,0
23235,62,15,27,0
23236,62,15,27,0
23237,62,15,27,0
23238,62,15,27,0
23239,62,15,27,0
23240,62,15,27,0
23241,62,15,27,0
23242,62,15,27,0
23243,62,15,27,0
23244,62,15,27,0
23245,62,15,27,0
23246,62,15,27,0
23247,62,15,27,0
23248,62,15,27,0
23249,62,15,27,0
23250,62,15,27,0
23251,62,15,27,0
23252,62,15,27,0
23253,62,15,27,0
23254,62,15,27,0
23255,62,15,27,0
23256,62,15,27,0
23257,62,15,27,0
23258,62,15,27,0
23259,62,15,27,0
23260,62,15,27,0
23261,62,15,27,0
23262,62,15,27,0
23263,62,15,27,0
23264,62,15,27,0
23265,62,15,27,0
23266,62,15,27,0
23267,62,15,27,0
23268,62,15,27,0
23269,62,15,27,0
23270,62,15,27,0
23271,62,15,27,0
23272,62,15,27,0
23273,62,15,27,0
23274,62,15,27,0
23275,62,15,27,0
23276,62,15,27,0
23277,62,15,27,0
23278,62,15,27,0
23279,62,15,27,0
23280,62,15,27,0
23281,62,15,27,0
23282,62,15,27,0
23283,62,15,27,0
23284,62,15,27,0
23285,62,15,27,0
23286,62,15,27,0
23287,62,15,27,0
23288,62,15,27,0
23289,62,15,27,0
23290,62,15,27,0
23291,62,15,27,0
23292,62,15,27,0
23293,62,15,27,0
23294,62,15,27,0
23295,62,15,27,0
23296,62,15,27,0
23297,62,15,27,0
23298,62,15,27,0
23299,62,15,27,0
23300,62,15,27,0
23301,62,15,27,0
23302,62,15,27,0
23303,62,15,27,0
23304,62,15,27,0
23305,62,15,27,0
23306,62,15,27,0
23307,62,15,27,0
23308,62,15,27,0
23309,62,15,27,0
23310,62,15,27,0
23311,62,15,27,0
23312,62,15,27,0
23313,62,15,27,0
23314,62,15,27,0
23315,62,15,27,0
23316,62,15,27,0
23317,62,15,27,0
23318,62,15,27,0
23319,62,15,27,0
23320,62,15,27,0
23321,62,15,27,0
23322,62,15,27,0
23323,62,15,27,0
23324,62,15,27,0
23325,62,15,27,0
23326,62,15,27,0
23327,62,15,27,0
23328,62,15,27,0
23329,62,15,27,0
23330,62,15,27,0
23331,62,15,27,0
23332,62,15,27,0
23333,62,15,27,0
23334,62,15,27,0
23335,62,15,27,0
23336,62,15,27,0
23337,62,15,27,0
23338,62,15,27,0
23339,62,15,27,0
23340,62,15,27,0
23341,62,15,27,0
23342,62,15,27,0
23343,62,15,27,0
23344,62,15,27,0
23345,62,15,27,0
23346,62,15,27,0
23347,62,15,27,0
23348,62,15,27,0
23349,62,15,27,0
23350,62,15,27,0
23351,62,15,27,0
23352,62,15,27,0
23353,62,15,27,0
23354,62,15,27,0
23355,62,15,27,0
23356,62,15,27,0
23357,62,15,27,0
23358,62,15,27,0
23359,62,15,27,0
23360,62,15,27,0
23361,62,15,27,0
23362,62,15,27,0
23363,62,15,27,0
23364,62,15,27,0
23365,62,15,27,0
23366,62,15,27,0
23367,62,15,27,0
23368,62,15,27,0
23369,62,15,27,0
23370,62,15,27,0
23371,62,15,27,0
23372,62,15,27,0
23373,62,15,27,0
23374,62,15,27,0
23375,62,15,27,0
23376,62,15,27,0
23377,62,15,27,0
23378,62,15,27,0
23379,62,15,27,0
23380,62,15,27,0
23381,62,15,27,0
23382,62,15,27,0
23383,62,15,27,0
23384,62,15,27,0
23385,62,15,27,0
23386,62,15,27,0
23387,62,15,27,0
23388,62,15,27,0
23389,62,15,27,0
23390,62,15,27,0
23391,62,15,27,0
23392,62,15,27,0
23393,62,15,27,0
23394,62,15,27,0
23395,62,15,27,0
23396,62,15,27,0
23397,62,15,27,0
23398,62,15,27,0
23399,62,15,27,0
23400,62,15,27,0
23401,62,15,27,0
23402,62,15,27,0
23403,62,15,27,0
23404,62,15,27,0
23405,62,15,27,0
23406,62,15,27,0
23407,62,15,27,0
23408,62,15,27,0
23409,62,15,27,0
23410,62,15,27,0
23411,62,15,27,0
23412,62,15,27,0
23413,62,15,27,0
23414,62,15,27,0
23415,62,15,27,0
23416,62,15,27,0
23417,62,15,27,0
23418,62,15,27,0
23419,62,15,27,0
23420,62,15,27,0
23421,62,15,27,0
23422,62,15,27,0
23423,62,15,27,0
23424,62,15,27,0
23425,62,15,27,0
23426,62,15,27,0
23427,62,15,27,0
23428,62,15,27,0
23429,62,15,27,0
23430,62,15,27,0
23431,62,15,27,0
23432,62,15,27,0
23433,62,15,27,0
23434,62,15,27,0
23435,62,15,27,0
23436,62,15,27,0
23437,62,15,27,0
23438,62,15,27,0
23439,62,15,27,0
23440,62,15,27,0
23441,62,15,27,0
23442,62,15,27,0
23443,62,15,27,0
23444,62,15,27,0
23445,62,15,27,0
23446,62,15,27,0
23447,62,15,27,0
23448,62,15,27,0
23449,62,15,27,0
23450,62,15,27,0
23451,62,15,27,0
23452,62,15,27,0
23453,62,15,27,0
23454,62,15,27,0
23455,62,15,27,0
23456,62,15,27,0
23457,62,15,27,0
23458,62,15,27,0
23459,62,15,27,0
23460,62,15,27,0
23461,62,15,27,0
23462,62,15,27,0
23463,62,15,27,0
23464,62,15,27,0
23465,62,15,27,0
23466,62,15,27,0
23467,62,15,27,0
23468,62,15,27,0
23469,62,15,27,0
23470,62,15,27,0
23471,62,15,27,0
23472,62,15,27,0
23473,62,15,27,0
23474,62,15,27,0
23475,62,15,27,0
23476,62,15,27,0
23477,62,15,27,0
23478,62,15,27,0
23479,62,15,27,0
23480,62,15,27,0
23481,62,15,27,0
23482,62,15,27,0
23483,62,15,27,0
23484,62,15,27,0
23485,62,15,27,0
23486,62,15,27,0
23487,62,15,27,0
23488,62,15,27,0
23489,62,15,27,0
23490,62,15,27,0
23491,62,15,27,0
23492,62,15,27,0
23493,62,15,27,0
23494,62,15,27,0
23495,62,15,27,0
23496,62,15,27,0
23497,62,15,27,0
23498,62,15,27,0
23499,62,15,27,0
23500,62,15,27,0
23501,62,15,27,0
23502,62,15,27,0
23503,62,15,27,0
23504,62,15,27,0
23505,62,15,27,0
23506,62,15,27,0
23507,62,15,27,0
23508,62,15,27,0
23509,62,15,27,0
23510,62,15,27,0
23511,62,15,27,0
23512,62,15,27,0
23513,62,15,27,0
23514,62,15,27,0
23515,62,15,27,0
23516,62,15,27,0
23517,62,15,27,0
23518,62,15,27,0
23519,62,15,27,0
23520,62,15,27,0
23521,62,15,27,0
23522,62,15,27,0
23523,62,15,27,0
23524,62,15,27,0
23525,62,15,27,0
23526,62,15,27,0
23527,62,15,27,0
23528,62,15,27,0
23529,62,15,27,0
23530,62,15,27,0
23531,62,15,27,0
23532,62,15,27,0
23533,62,15,27,0
23534,62,15,27,0
23535,62,15,27,0
23536,62,15,27,0
23537,62,15,27,0
23538,62,15,27,0
23539,62,15,27,0
23540,62,15,27,0
23541,62,15,27,0
23542,62,15,27,0
23543,62,15,27,0
23544,62,15,27,0
23545,62,15,27,0
23546,62,15,27,0
23547,62,15,27,0
23548,62,15,27,0
23549,62,15,27,0
23550,62,15,27,0
23551,62,15,27,0
23552,62,15,27,0
23553,62,15,27,0
23554,62,15,27,0
23555,62,15,27,0
23556,62,15,27,0
23557,62,15,27,0
23558,62,15,27,0
23559,62,15,27,0
23560,62,15,27,0
23561,62,15,27,0
23562,62,15,27,0
23563,62,15,27,0
23564,62,15,27,0
23565,62,15,27,0
23566,62,15,27,0
23567,62,15,27,0
23568,62,15,27,0
23569,62,15,27,0
23570,62,15,27,0
23571,62,15,27,0
23572,62,15,27,0
23573,62,15,27,0
23574,62,15,27,0
23575,62,15,27,0
23576,62,15,27,0
23577,62,15,27,0
23578,62,15,27,0
23579,62,15,27,0
23580,62,15,27,0
23581,62,15,27,0
23582,62,15,27,0
23583,62,15,27,0
23584,62,15,27,0
23585,62,15,27,0
23586,62,15,27,0
23587,62,15,27,0
23588,62,15,27,0
23589,62,15,27,0
23590,62,15,27,0
23591,62,15,27,0
23592,62,15,27,0
23593,62,15,27,0
23594,62,15,27,0
23595,62,15,27,0
23596,62,15,27,0
23597,62,15,27,0
23598,62,15,27,0
23599,62,15,27,0
23600,62,15,27,0
23601,62,15,27,0
23602,62,15,27,0
23603,62,15,27,0
23604,62,15,27,0
23605,62,15,27,0
23606,62,15,27,0
23607,62,15,27,0
23608,62,15,27,0
23609,62,15,27,0
23610,62,15,27,0
23611,62,15,27,0
23612,62,15,27,0
23613,62,15,27,0
23614,62,15,27,0
23615,62,15,27,0
23616,62,15,27,0
23617,62,15,27,0
23618,62,15,27,0
23619,62,15,27,0
23620,62,15,27,0
23621,62,15,27,0
23622,62,15,27,0
23623,62,15,27,0
23624,62,15,27,0
23625,62,15,27,0
23626,62,15,27,0
23627,62,15,27,0
23628,62,15,27,0
23629,62,15,27,0
23630,62,15,27,0
23631,62,15,27,0
23632,62,15,27,0
23633,62,15,27,0
23634,62,15,27,0
23635,62,15,27,0
23636,62,15,27,0
23637,62,15,27,0
23638,62,15,27,0
23639,62,15,27,0
23640,62,15,27,0
23641,62,15,27,0
23642,62,15,27,0
23643,62,15,27,0
23644,62,15,27,0
23645,62,15,27,0
23646,62,15,27,0
23647,62,15,27,0
23648,62,15,27,0
23649,62,15,27,0
23650,62,15,27,0
23651,62,15,27,0
23652,62,15,27,0
23653,62,15,27,0
23654,62,15,27,0
23655,62,15,27,0
23656,62,15,27,0
23657,62,15,27,0
23658,62,15,27,0
23659,62,15,27,0
23660,62,15,27,0
23661,62,15,27,0
23662,62,15,27,0
23663,62,15,27,0
23664,62,15,27,0
23665,62,15,27,0
23666,62,15,27,0
23667,62,15,27,0
23668,62,15,27,0
23669,62,15,27,0
23670,62,15,27,0
23671,62,15,27,0
23672,62,15,27,0
23673,62,15,27,0
23674,62,15,27,0
23675,62,15,27,0
23676,62,15,27,0
23677,62,15,27,0
23678,62,15,27,0
23679,62,15,27,0
23680,62,15,27,0
23681,62,15,27,0
23682,62,15,27,0
23683,62,15,27,0
23684,62,15,27,0
23685,62,15,27,0
23686,62,15,27,0
23687,62,15,27,0
23688,62,15,27,0
23689,62,15,27,0
23690,62,15,27,0
23691,62,15,27,0
23692,62,15,27,0
23693,62,15,27,0
23694,62,15,27,0
23695,62,15,27,0
23696,62,15,27,0
23697,62,15,27,0
23698,62,15,27,0
23699,62,15,27,0
23700,62,15,27,0
23701,62,15,27,0
23702,62,15,27,0
23703,62,15,27,0
23704,62,15,27,0
23705,62,15,27,0
23706,62,15,27,0
23707,62,15,27,0
23708,62,15,27,0
23709,62,15,27,0
23710,62,15,27,0
23711,62,15,27,0
23712,62,15,27,0
23713,62,15,27,0
23714,62,15,27,0
23715,62,15,27,0
23716,62,15,27,0
23717,62,15,27,0
23718,62,15,27,0
23719,62,15,27,0
23720,62,15,27,0
23721,62,15,27,0
23722,62,15,27,0
23723,62,15,27,0
23724,62,15,27,0
23725,62,15,27,0
23726,62,15,27,0
23727,62,15,27,0
23728,62,15,27,0
23729,62,15,27,0
23730,62,15,27,0
23731,62,15,27,0
23732,62,15,27,0
23733,62,15,27,0
23734,62,15,27,0
23735,62,15,27,0
23736,62,15,27,0
23737,62,15,27,0
23738,62,15,27,0
23739,62,15,27,0
23740,62,15,27,0
23741,62,15,27,0
23742,62,15,27,0
23743,62,15,27,0
23744,62,15,27,0
23745,62,15,27,0
23746,62,15,27,0
23747,62,15,27,0
23748,62,15,27,0
23749,62,15,27,0
23750,62,15,27,0
23751,62,15,27,0
23752,62,15,27,0
23753,62,15,27,0
23754,62,15,27,0
23755,62,15,27,0
23756,62,15,27,0
23757,62,15,27,0
23758,62,15,27,0
23759,62,15,27,0
23760,62,15,27,0
23761,62,15,27,0
23762,62,15,27,0
23763,62,15,27,0
23764,62,15,27,0
23765,62,15,27,0
23766,62,15,27,0
23767,62,15,27,0
23768,62,15,27,0
23769,62,15,27,0
23770,62,15,27,0
23771,62,15,27,0
23772,62,15,27,0
23773,62,15,27,0
23774,62,15,27,0
23775,62,15,27,0
23776,62,15,27,0
23777,62,15,27,0
23778,62,15,27,0
23779,62,15,27,0
23780,62,15,27,0
23781,62,15,27,0
23782,62,15,27,0
23783,62,15,27,0
23784,62,15,27,0
23785,62,15,27,0
23786,62,15,27,0
23787,62,15,27,0
23788,62,15,27,0
23789,62,15,27,0
23790,62,15,27,0
23791,62,15,27,0
23792,62,15,27,0
23793,62,15,27,0
23794,62,15,27,0
23795,62,15,27,0
23796,62,15,27,0
23797,62,15,27,0
23798,62,15,27,0
23799,62,15,27,0
23800,62,15,27,0
23801,62,15,27,0
23802,62,15,27,0
23803,62,15,27,0
23804,62,15,27,0
23805,62,15,27,0
23806,62,15,27,0
23807,62,15,27,0
23808,62,15,27,0
23809,62,15,27,0
23810,62,15,27,0
23811,62,15,27,0
23812,62,15,27,0
23813,62,15,27,0
23814,62,15,27,0
23815,62,15,27,0
23816,62,15,27,0
23817,62,15,27,0
23818,62,15,27,0
23819,62,15,27,0
23820,62,15,27,0
23821,62,15,27,0
23822,62,15,27,0
23823,62,15,27,0
23824,62,15,27,0
23825,62,15,27,0
23826,62,15,27,0
23827,62,15,27,0
23828,62,15,27,0
23829,62,15,27,0
23830,62,15,27,0
23831,62,15,27,0
23832,62,15,27,0
23833,62,15,27,0
23834,62,15,27,0
23835,62,15,27,0
23836,62,15,27,0
23837,62,15,27,0
23838,62,15,27,0
23839,62,15,27,0
23840,62,15,27,0
23841,62,15,27,0
23842,62,15,27,0
23843,62,15,27,0
23844,62,15,27,0
23845,62,15,27,0
23846,62,15,27,0
23847,62,15,27,0
23848,62,15,27,0
23849,62,15,27,0
23850,62,15,27,0
23851,62,15,27,0
23852,62,15,27,0
23853,62,15,27,0
23854,62,15,27,0
23855,62,15,27,0
23856,62,15,27,0
23857,62,15,27,0
23858,62,15,27,0
23859,62,15,27,0
23860,62,15,27,0
23861,62,15,27,0
23862,62,15,27,0
23863,62,15,27,0
23864,62,15,27,0
23865,62,15,27,0
23866,62,15,27,0
23867,62,15,27,0
23868,62,15,27,0
23869,62,15,27,0
23870,62,15,27,0
23871,62,15,27,0
23872,62,15,27,0
23873,62,15,27,0
23874,62,15,27,0
23875,62,15,27,0
23876,62,15,27,0
23877,62,15,27,0
23878,62,15,27,0
23879,62,15,27,0
23880,62,15,27,0
23881,62,15,27,0
23882,62,15,27,0
23883,62,15,27,0
23884,62,15,27,0
23885,62,15,27,0
23886,62,15,27,0
23887,62,15,27,0
23888,62,15,27,0
23889,62,15,27,0
23890,62,15,27,0
23891,62,15,27,0
23892,62,15,27,0
23893,62,15,27,0
23894,62,15,27,0
23895,62,15,27,0
23896,62,15,27,0
23897,62,15,27,0
23898,62,15,27,0
23899,62,15,27,0
23900,62,15,27,0
23901,62,15,27,0
23902,62,15,27,0
23903,62,15,27,0
23904,62,15,27,0
23905,62,15,27,0
23906,62,15,27,0
23907,62,15,27,0
23908,62,15,27,0
23909,62,15,27,0
23910,62,15,27,0
23911,62,15,27,0
23912,62,15,27,0
23913,62,15,27,0
23914,62,15,27,0
23915,62,15,27,0
23916,62,15,27,0
23917,62,15,27,0
23918,62,15,27,0
23919,62,15,27,0
23920,62,15,27,0
23921,62,15,27,0
23922,62,15,27,0
23923,62,15,27,0
23924,62,15,27,0
23925,62,15,27,0
23926,62,15,27,0
23927,62,15,27,0
23928,62,15,27,0
23929,62,15,27,0
23930,62,15,27,0
23931,62,15,27,0
23932,62,15,27,0
23933,62,15,27,0
23934,62,15,27,0
23935,62,15,27,0
23936,62,15,27,0
23937,62,15,27,0
23938,62,15,27,0
23939,62,15,27,0
23940,62,15,27,0
23941,62,15,27,0
23942,62,15,27,0
23943,62,15,27,0
23944,62,15,27,0
23945,62,15,27,0
23946,62,15,27,0
23947,62,15,27,0
23948,62,15,27,0
23949,62,15,27,0
23950,62,15,27,0
23951,62,15,27,0
23952,62,15,27,0
23953,62,15,27,0
23954,62,15,27,0
23955,62,15,27,0
23956,62,15,27,0
23957,62,15,27,0
23958,62,15,27,0
23959,62,15,27,0
23960,62,15,27,0
23961,62,15,27,0
23962,62,15,27,0
23963,62,15,27,0
23964,62,15,27,0
23965,62,15,27,0
23966,62,15,27,0
23967,62,15,27,0
23968,62,15,27,0
23969,62,15,27,0
23970,62,15,27,0
23971,62,15,27,0
23972,62,15,27,0
23973,62,15,27,0
23974,62,15,27,0
23975,62,15,27,0
23976,62,15,27,0
23977,62,15,27,0
23978,62,15,27,0
23979,62,15,27,0
23980,62,15,27,0
23981,62,15,27,0
23982,62,15,27,0
23983,62,15,27,0
23984,62,15,27,0
23985,62,15,27,0
23986,62,15,27,0
23987,62,15,27,0
23988,62,15,27,0
23989,62,15,27,0
23990,62,15,27,0
23991,62,15,27,0
23992,62,15,27,0
23993,62,15,27,0
23994,62,15,27,0
23995,62,15,27,0
23996,62,15,27,0
23997,62,15,27,0
23998,62,15,27,0
23999,62,15,27,0
24000,62,15,27,0
24001,62,15,27,0
24002,62,15,27,0
24003,62,15,27,0
24004,62,15,27,0
24005,62,15,27,0
24006,62,15,27,0
24007,62,15,27,0
24008,62,15,27,0
24009,62,15,27,0
24010,62,15,27,0
24011,62,15,27,0
24012,62,15,27,0
24013,62,15,27,0
24014,62,15,27,0
24015,62,15,27,0
24016,62,15,27,0
24017,62,15,27,0
24018,62,15,27,0
24019,62,15,27,0
24020,62,15,27,0
24021,62,15,27,0
24022,62,15,27,0
24023,62,15,27,0
24024,62,15,27,0
24025,62,15,27,0
24026,62,15,27,0
24027,62,15,27,0
24028,62,15,27,0
24029,62,15,27,0
24030,62,15,27,0
24031,62,15,27,0
24032,62,15,27,0
24033,62,15,27,0
24034,62,15,27,0
24035,62,15,27,0
24036,62,15,27,0
24037,62,15,27,0
24038,62,15,27,0
24039,62,15,27,0
24040,62,15,27,0
24041,62,15,27,0
24042,62,15,27,0
24043,62,15,27,0
24044,62,15,27,0
24045,62,15,27,0
24046,62,15,27,0
24047,62,15,27,0
24048,62,15,27,0
24049,62,15,27,0
24050,62,15,27,0
24051,62,15,27,0
24052,62,15,27,0
24053,62,15,27,0
24054,62,15,27,0
24055,62,15,27,0
24056,62,15,27,0
24057,62,15,27,0
24058,62,15,27,0
24059,62,15,27,0
24060,62,15,27,0
24061,62,15,27,0
24062,62,15,27,0
24063,62,15,27,0
24064,62,15,27,0
24065,62,15,27,0
24066,62,15,27,0
24067,62,15,27,0
24068,62,15,27,0
24069,62,15,27,0
24070,62,15,27,0
24071,62,15,27,0
24072,62,15,27,0
24073,62,15,27,0
24074,62,15,27,0
24075,62,15,27,0
24076,62,15,27,0
24077,62,15,27,0
24078,62,15,27,0
24079,62,15,27,0
24080,62,15,27,0
24081,62,15,27,0
24082,62,15,27,0
24083,62,15,27,0
24084,62,15,27,0
24085,62,15,27,0
24086,62,15,27,0
24087,62,15,27,0
24088,62,15,27,0
24089,62,15,27,0
24090,62,15,27,0
24091,62,15,27,0
24092,62,15,27,0
24093,62,15,27,0
24094,62,15,27,0
24095,62,15,27,0
24096,62,15,27,0
24097,62,15,27,0
24098,62,15,27,0
24099,62,15,27,0
24100,62,15,27,0
24101,62,15,27,0
24102,62,15,27,0
24103,62,15,27,0
24104,62,15,27,0
24105,62,15,27,0
24106,62,15,27,0
24107,62,15,27,0
24108,62,15,27,0
24109,62,15,27,0
24110,62,15,27,0
24111,62,15,27,0
24112,62,15,27,0
24113,62,15,27,0
24114,62,15,27,0
24115,62,15,27,0
24116,62,15,27,0
24117,62,15,27,0
24118,62,15,27,0
24119,62,15,27,0
24120,62,15,27,0
24121,62,15,27,0
24122,62,15,27,0
24123,62,15,27,0
24124,62,15,27,0
24125,62,15,27,0
24126,62,15,27,0
24127,62,15,27,0
24128,62,15,27,0
24129,62,15,27,0
24130,62,15,27,0
24131,62,15,27,0
24132,62,15,27,0
24133,62,15,27,0
24134,62,15,27,0
24135,62,15,27,0
24136,62,15,27,0
24137,62,15,27,0
24138,62,15,27,0
24139,62,15,27,0
24140,62,15,27,0
24141,62,15,27,0
24142,62,15,27,0
24143,62,15,27,0
24144,62,15,27,0
24145,62,15,27,0
24146,62,15,27,0
24147,62,15,27,0
24148,62,15,27,0
24149,62,15,27,0
24150,62,15,27,0
24151,62,15,27,0
24152,62,15,27,0
24153,62,15,27,0
24154,62,15,27,0
24155,62,15,27,0
24156,62,15,27,0
24157,62,15,27,0
24158,62,15,27,0
24159,62,15,27,0
24160,62,15,27,0
24161,62,15,27,0
24162,62,15,27,0
24163,62,15,27,0
24164,62,15,27,0
24165,62,15,27,0
24166,62,15,27,0
24167,62,15,27,0
24168,62,15,27,0
24169,62,15,27,0
24170,62,15,27,0
24171,62,15,27,0
24172,62,15,27,0
24173,62,15,27,0
24174,62,15,27,0
24175,62,15,27,0
24176,62,15,27,0
24177,62,15,27,0
24178,62,15,27,0
24179,62,15,27,0
24180,62,15,27,0
24181,62,15,27,0
24182,62,15,27,0
24183,62,15,27,0
24184,62,15,27,0
24185,62,15,27,0
24186,62,15,27,0
24187,62,15,27,0
24188,62,15,27,0
24189,62,15,27,0
24190,62,15,27,0
24191,62,15,27,0
24192,62,15,27,0
24193,62,15,27,0
24194,62,15,27,0
24195,62,15,27,0
24196,62,15,27,0
24197,62,15,27,0
24198,62,15,27,0
24199,62,15,27,0
24200,62,15,27,0
24201,62,15,27,0
24202,62,15,27,0
24203,62,15,27,0
24204,62,15,27,0
24205,62,15,27,0
24206,62,15,27,0
24207,62,15,27,0
24208,62,15,27,0
24209,62,15,27,0
24210,62,15,27,0
24211,62,15,27,0
24212,62,15,27,0
24213,62,15,27,0
24214,62,15,27,0
24215,62,15,27,0
24216,62,15,27,0
24217,62,15,27,0
24218,62,15,27,0
24219,62,15,27,0
24220,62,15,27,0
24221,62,15,27,0
24222,62,15,27,0
24223,62,15,27,0
24224,62,15,27,0
24225,62,15,27,0
24226,62,15,27,0
24227,62,15,27,0
24228,62,15,27,0
24229,62,15,27,0
24230,62,15,27,0
24231,62,15,27,0
24232,62,15,27,0
24233,62,15,27,0
24234,62,15,27,0
24235,62,15,27,0
24236,62,15,27,0
24237,62,15,27,0
24238,62,15,27,0
24239,62,15,27,0
24240,62,15,27,0
24241,62,15,27,0
24242,62,15,27,0
24243,62,15,27,0
24244,62,15,27,0
24245,62,15,27,0
24246,62,15,27,0
24247,62,15,27,0
24248,62,15,27,0
24249,62,15,27,0
24250,62,15,27,0
24251,62,15,27,0
24252,62,15,27,0
24253,62,15,27,0
24254,62,15,27,0
24255,62,15,27,0
24256,62,15,27,0
24257,62,15,27,0
24258,62,15,27,0
24259,62,15,27,0
24260,62,15,27,0
24261,62,15,27,0
24262,62,15,27,0
24263,62,15,27,0
24264,62,15,27,0
24265,62,15,27,0
24266,62,15,27,0
24267,62,15,27,0
24268,62,15,27,0
24269,62,15,27,0
24270,62,15,27,0
24271,62,15,27,0
24272,62,15,27,0
24273,62,15,27,0
24274,62,15,27,0
24275,62,15,27,0
24276,62,15,27,0
24277,62,15,27,0
24278,62,15,27,0
24279,62,15,27,0
24280,62,15,27,0
24281,62,15,27,0
24282,62,15,27,0
24283,62,15,27,0
24284,62,15,27,0
24285,62,15,27,0
24286,62,15,27,0
24287,62,15,27,0
24288,62,15,27,0
24289,62,15,27,0
24290,62,15,27,0
24291,62,15,27,0
24292,62,15,27,0
24293,62,15,27,0
24294,62,15,27,0
24295,62,15,27,0
24296,62,15,27,0
24297,62,15,27,0
24298,62,15,27,0
24299,62,15,27,0
24300,62,15,27,0
24301,62,15,27,0
24302,62,15,27,0
24303,62,15,27,0
24304,62,15,27,0
24305,62,15,27,0
24306,62,15,27,0
24307,62,15,27,0
24308,62,15,27,0
24309,62,15,27,0
24310,62,15,27,0
24311,62,15,27,0
24312,62,15,27,0
24313,62,15,27,0
24314,62,15,27,0
24315,62,15,27,0
24316,62,15,27,0
24317,62,15,27,0
24318,62,15,27,0
24319,62,15,27,0
24320,62,15,27,0
24321,62,15,27,0
24322,62,15,27,0
24323,62,15,27,0
24324,62,15,27,0
24325,62,15,27,0
24326,62,15,27,0
24327,62,15,27,0
24328,62,15,27,0
24329,62,15,27,0
24330,62,15,27,0
24331,62,15,27,0
24332,62,15,27,0
24333,62,15,27,0
24334,62,15,27,0
24335,62,15,27,0
24336,62,15,27,0
24337,62,15,27,0
24338,62,15,27,0
24339,62,15,27,0
24340,62,15,27,0
24341,62,15,27,0
24342,62,15,27,0
24343,62,15,27,0
24344,62,15,27,0
24345,62,15,27,0
24346,62,15,27,0
24347,62,15,27,0
24348,62,15,27,0
24349,62,15,27,0
24350,62,15,27,0
24351,62,15,27,0
24352,62,15,27,0
24353,62,15,27,0
24354,62,15,27,0
24355,62,15,27,0
24356,62,15,27,0
24357,62,15,27,0
24358,62,15,27,0
24359,62,15,27,0
24360,62,15,27,0
24361,62,15,27,0
24362,62,15,27,0
24363,62,15,27,0
24364,62,15,27,0
24365,62,15,27,0
24366,62,15,27,0
24367,62,15,27,0
24368,62,15,27,0
24369,62,15,27,0
24370,62,15,27,0
24371,62,15,27,0
24372,62,15,27,0
24373,62,15,27,0
24374,62,15,27,0
24375,62,15,27,0
24376,62,15,27,0
24377,62,15,27,0
24378,62,15,27,0
24379,62,15,27,0
24380,62,15,27,0
24381,62,15,27,0
24382,62,15,27,0
24383,62,15,27,0
24384,62,15,27,0
24385,62,15,27,0
24386,62,15,27,0
24387,62,15,27,0
24388,62,15,27,0
24389,62,15,27,0
24390,62,15,27,0
24391,62,15,27,0
24392,62,15,27,0
24393,62,15,27,0
24394,62,15,27,0
24395,62,15,27,0
24396,62,15,27,0
24397,62,15,27,0
24398,62,15,27,0
24399,62,15,27,0
24400,62,15,27,0
24401,62,15,27,0
24402,62,15,27,0
24403,62,15,27,0
24404,62,15,27,0
24405,62,15,27,0
24406,62,15,27,0
24407,62,15,27,0
24408,62,15,27,0
24409,62,15,27,0
24410,62,15,27,0
24411,62,15,27,0
24412,62,15,27,0
24413,62,15,27,0
24414,62,15,27,0
24415,62,15,27,0
24416,62,15,27,0
24417,62,15,27,0
24418,62,15,27,0
24419,62,15,27,0
24420,62,15,27,0
24421,62,15,27,0
24422,62,15,27,0
24423,62,15,27,0
24424,62,15,27,0
24425,62,15,27,0
24426,62,15,27,0
24427,62,15,27,0
24428,62,15,27,0
24429,62,15,27,0
24430,62,15,27,0
24431,62,15,27,0
24432,62,15,27,0
24433,62,15,27,0
24434,62,15,27,0
24435,62,15,27,0
24436,62,15,27,0
24437,62,15,27,0
24438,62,15,27,0
24439,62,15,27,0
24440,62,15,27,0
24441,62,15,27,0
24442,62,15,27,0
24443,62,15,27,0
24444,62,15,27,0
24445,62,15,27,0
24446,62,15,27,0
24447,62,15,27,0
24448,62,15,27,0
24449,62,15,27,0
24450,62,15,27,0
24451,62,15,27,0
24452,62,15,27,0
24453,62,15,27,0
24454,62,15,27,0
24455,62,15,27,0
24456,62,15,27,0
24457,62,15,27,0
24458,62,15,27,0
24459,62,15,27,0
24460,62,15,27,0
24461,62,15,27,0
24462,62,15,27,0
24463,62,15,27,0
24464,62,15,27,0
24465,62,15,27,0
24466,62,15,27,0
24467,62,15,27,0
24468,62,15,27,0
24469,62,15,27,0
24470,62,15,27,0
24471,62,15,27,0
24472,62,15,27,0
24473,62,15,27,0
24474,62,15,27,0
24475,62,15,27,0
24476,62,15,27,0
24477,62,15,27,0
24478,62,15,27,0
24479,62,15,27,0
24480,62,15,27,0
24481,62,15,27,0
24482,62,15,27,0
24483,62,15,27,0
24484,62,15,27,0
24485,62,15,27,0
24486,62,15,27,0
24487,62,15,27,0
24488,62,15,27,0
24489,62,15,27,0
24490,62,15,27,0
24491,62,15,27,0
24492,62,15,27,0
24493,62,15,27,0
24494,62,15,27,0
24495,62,15,27,0
24496,62,15,27,0
24497,62,15,27,0
24498,62,15,27,0
24499,62,15,27,0
24500,62,15,27,0
24501,62,15,27,0
24502,62,15,27,0
24503,62,15,27,0
24504,62,15,27,0
24505,62,15,27,0
24506,62,15,27,0
24507,62,15,27,0
24508,62,15,27,0
24509,62,15,27,0
24510,62,15,27,0
24511,62,15,27,0
24512,62,15,27,0
24513,62,15,27,0
24514,62,15,27,0
24515,62,15,27,0
24516,62,15,27,0
24517,62,15,27,0
24518,62,15,27,0
24519,62,15,27,0
24520,62,15,27,0
24521,62,15,27,0
24522,62,15,27,0
24523,62,15,27,0
24524,62,15,27,0
24525,62,15,27,0
24526,62,15,27,0
24527,62,15,27,0
24528,62,15,27,0
24529,62,15,27,0
24530,62,15,27,0
24531,62,15,27,0
24532,62,15,27,0
24533,62,15,27,0
24534,62,15,27,0
24535,62,15,27,0
24536,62,15,27,0
24537,62,15,27,0
24538,62,15,27,0
24539,62,15,27,0
24540,62,15,27,0
24541,62,15,27,0
24542,62,15,27,0
24543,62,15,27,0
24544,62,15,27,0
24545,62,15,27,0
24546,62,15,27,0
24547,62,15,27,0
24548,62,15,27,0
24549,62,15,27,0
24550,62,15,27,0
24551,62,15,27,0
24552,62,15,27,0
24553,62,15,27,0
24554,62,15,27,0
24555,62,15,27,0
24556,62,15,27,0
24557,62,15,27,0
24558,62,15,27,0
24559,62,15,27,0
24560,62,15,27,0
24561,62,15,27,0
24562,62,15,27,0
24563,62,15,27,0
24564,62,15,27,0
24565,62,15,27,0
24566,62,15,27,0
24567,62,15,27,0
24568,62,15,27,0
24569,62,15,27,0
24570,62,15,27,0
24571,62,15,27,0
24572,62,15,27,0
24573,62,15,27,0
24574,62,15,27,0
24575,62,15,27,0
24576,62,15,27,0
24577,62,15,27,0
24578,62,15,27,0
24579,62,15,27,0
24580,62,15,27,0
24581,62,15,27,0
24582,62,15,27,0
24583,62,15,27,0
24584,62,15,27,0
24585,62,15,27,0
24586,62,15,27,0
24587,62,15,27,0
24588,62,15,27,0
24589,62,15,27,0
24590,62,15,27,0
24591,62,15,27,0
24592,62,15,27,0
24593,62,15,27,0
24594,62,15,27,0
24595,62,15,27,0
24596,62,15,27,0
24597,62,15,27,0
24598,62,15,27,0
24599,62,15,27,0
24600,62,15,27,0
24601,62,15,27,0
24602,62,15,27,0
24603,62,15,27,0
24604,62,15,27,0
24605,62,15,27,0
24606,62,15,27,0
24607,62,15,27,0
24608,62,15,27,0
24609,62,15,27,0
24610,62,15,27,0
24611,62,15,27,0
24612,62,15,27,0
24613,62,15,27,0
24614,62,15,27,0
24615,62,15,27,0
24616,62,15,27,0
24617,62,15,27,0
24618,62,15,27,0
24619,62,15,27,0
24620,62,15,27,0
24621,62,15,27,0
24622,62,15,27,0
24623,62,15,27,0
24624,62,15,27,0
24625,62,15,27,0
24626,62,15,27,0
24627,62,15,27,0
24628,62,15,27,0
24629,62,15,27,0
24630,62,15,27,0
24631,62,15,27,0
24632,62,15,27,0
24633,62,15,27,0
24634,62,15,27,0
24635,62,15,27,0
24636,62,15,27,0
24637,62,15,27,0
24638,62,15,27,0
24639,62,15,27,0
24640,62,15,27,0
24641,62,15,27,0
24642,62,15,27,0
24643,62,15,27,0
24644,62,15,27,0
24645,62,15,27,0
24646,62,15,27,0
24647,62,15,27,0
24648,62,15,27,0
24649,62,15,27,0
24650,62,15,27,0
24651,62,15,27,0
24652,62,15,27,0
24653,62,15,27,0
24654,62,15,27,0
24655,62,15,27,0
24656,62,15,27,0
24657,62,15,27,0
24658,62,15,27,0
24659,62,15,27,0
24660,62,15,27,0
24661,62,15,27,0
24662,62,15,27,0
24663,62,15,27,0
24664,62,15,27,0
24665,62,15,27,0
24666,62,15,27,0
24667,62,15,27,0
24668,62,15,27,0
24669,62,15,27,0
24670,62,15,27,0
24671,62,15,27,0
24672,62,15,27,0
24673,62,15,27,0
24674,62,15,27,0
24675,62,15,27,0
24676,62,15,27,0
24677,62,15,27,0
24678,62,15,27,0
24679,62,15,27,0
24680,62,15,27,0
24681,62,15,27,0
24682,62,15,27,0
24683,62,15,27,0
24684,62,15,27,0
24685,62,15,27,0
24686,62,15,27,0
24687,62,15,27,0
24688,62,15,27,0
24689,62,15,27,0
24690,62,15,27,0
24691,62,15,27,0
24692,62,15,27,0
24693,62,15,27,0
24694,62,15,27,0
24695,62,15,27,0
24696,62,15,27,0
24697,62,15,27,0
24698,62,15,27,0
24699,62,15,27,0
24700,62,15,27,0
24701,62,15,27,0
24702,62,15,27,0
24703,62,15,27,0
24704,62,15,27,0
24705,62,15,27,0
24706,62,15,27,0
24707,62,15,27,0
24708,62,15,27,0
24709,62,15,27,0
24710,62,15,27,0
24711,62,15,27,0
24712,62,15,27,0
24713,62,15,27,0
24714,62,15,27,0
24715,62,15,27,0
24716,62,15,27,0
24717,62,15,27,0
24718,62,15,27,0
24719,62,15,27,0
24720,62,15,27,0
24721,62,15,27,0
24722,62,15,27,0
24723,62,15,27,0
24724,62,15,27,0
24725,62,15,27,0
24726,62,15,27,0
24727,62,15,27,0
24728,62,15,27,0
24729,62,15,27,0
24730,62,15,27,0
24731,62,15,27,0
24732,62,15,27,0
24733,62,15,27,0
24734,62,15,27,0
24735,62,15,27,0
24736,62,15,27,0
24737,62,15,27,0
24738,62,15,27,0
24739,62,15,27,0
24740,62,15,27,0
24741,62,15,27,0
24742,62,15,27,0
24743,62,15,27,0
24744,62,15,27,0
24745,62,15,27,0
24746,62,15,27,0
24747,62,15,27,0
24748,62,15,27,0
24749,62,15,27,0
24750,62,15,27,0
24751,62,15,27,0
24752,62,15,27,0
24753,62,15,27,0
24754,62,15,27,0
24755,62,15,27,0
24756,62,15,27,0
24757,62,15,27,0
24758,62,15,27,0
24759,62,15,27,0
24760,62,15,27,0
24761,62,15,27,0
24762,62,15,27,0
24763,62,15,27,0
24764,62,15,27,0
24765,62,15,27,0
24766,62,15,27,0
24767,62,15,27,0
24768,62,15,27,0
24769,62,15,27,0
24770,62,15,27,0
24771,62,15,27,0
24772,62,15,27,0
24773,62,15,27,0
24774,62,15,27,0
24775,62,15,27,0
24776,62,15,27,0
24777,62,15,27,0
24778,62,15,27,0
24779,62,15,27,0
24780,62,15,27,0
24781,62,15,27,0
24782,62,15,27,0
24783,62,15,27,0
24784,62,15,27,0
24785,62,15,27,0
24786,62,15,27,0
24787,62,15,27,0
24788,62,15,27,0
24789,62,15,27,0
24790,62,15,27,0
24791,62,15,27,0
24792,62,15,27,0
24793,62,15,27,0
24794,62,15,27,0
24795,62,15,27,0
24796,62,15,27,0
24797,62,15,27,0
24798,62,15,27,0
24799,62,15,27,0
24800,62,15,27,0
24801,62,15,27,0
24802,62,15,27,0
24803,62,15,27,0
24804,62,15,27,0
24805,62,15,27,0
24806,62,15,27,0
24807,62,15,27,0
24808,62,15,27,0
24809,62,15,27,0
24810,62,15,27,0
24811,62,15,27,0
24812,62,15,27,0
24813,62,15,27,0
24814,62,15,27,0
24815,62,15,27,0
24816,62,15,27,0
24817,62,15,27,0
24818,62,15,27,0
24819,62,15,27,0
24820,62,15,27,0
24821,62,15,27,0
24822,62,15,27,0
24823,62,15,27,0
24824,62,15,27,0
24825,62,15,27,0
24826,62,15,27,0
24827,62,15,27,0
24828,62,15,27,0
24829,62,15,27,0
24830,62,15,27,0
24831,62,15,27,0
24832,62,15,27,0
24833,62,15,27,0
24834,62,15,27,0
24835,62,15,27,0
24836,62,15,27,0
24837,62,15,27,0
24838,62,15,27,0
24839,62,15,27,0
24840,62,15,27,0
24841,62,15,27,0
24842,62,15,27,0
24843,62,15,27,0
24844,62,15,27,0
24845,62,15,27,0
24846,62,15,27,0
24847,62,15,27,0
24848,62,15,27,0
24849,62,15,27,0
24850,62,15,27,0
24851,62,15,27,0
24852,62,15,27,0
24853,62,15,27,0
24854,62,15,27,0
24855,62,15,27,0
24856,62,15,27,0
24857,62,15,27,0
24858,62,15,27,0
24859,62,15,27,0
24860,62,15,27,0
24861,62,15,27,0
24862,62,15,27,0
24863,62,15,27,0
24864,62,15,27,0
24865,62,15,27,0
24866,62,15,27,0
24867,62,15,27,0
24868,62,15,27,0
24869,62,15,27,0
24870,62,15,27,0
24871,62,15,27,0
24872,62,15,27,0
24873,62,15,27,0
24874,62,15,27,0
24875,62,15,27,0
24876,62,15,27,0
24877,62,15,27,0
24878,62,15,27,0
24879,62,15,27,0
24880,62,15,27,0
24881,62,15,27,0
24882,62,15,27,0
24883,62,15,27,0
24884,62,15,27,0
24885,62,15,27,0
24886,62,15,27,0
24887,62,15,27,0
24888,62,15,27,0
24889,62,15,27,0
24890,62,15,27,0
24891,62,15,27,0
24892,62,15,27,0
24893,62,15,27,0
24894,62,15,27,0
24895,62,15,27,0
24896,62,15,27,0
24897,62,15,27,0
24898,62,15,27,0
24899,62,15,27,0
24900,62,15,27,0
24901,62,15,27,0
24902,62,15,27,0
24903,62,15,27,0
24904,62,15,27,0
24905,62,15,27,0
24906,62,15,27,0
24907,62,15,27,0
24908,62,15,27,0
24909,62,15,27,0
24910,62,15,27,0
24911,62,15,27,0
24912,62,15,27,0
24913,62,15,27,0
24914,62,15,27,0
24915,62,15,27,0
24916,62,15,27,0
24917,62,15,27,0
24918,62,15,27,0
24919,62,15,27,0
24920,62,15,27,0
24921,62,15,27,0
24922,62,15,27,0
24923,62,15,27,0
24924,62,15,27,0
24925,62,15,27,0
24926,62,15,27,0
24927,62,15,27,0
24928,62,15,27,0
24929,62,15,27,0
24930,62,15,27,0
24931,62,15,27,0
24932,62,15,27,0
24933,62,15,27,0
24934,62,15,27,0
24935,62,15,27,0
24936,62,15,27,0
24937,62,15,27,0
24938,62,15,27,0
24939,62,15,27,0
24940,62,15,27,0
24941,62,15,27,0
24942,62,15,27,0
24943,62,15,27,0
24944,62,15,27,0
24945,62,15,27,0
24946,62,15,27,0
24947,62,15,27,0
24948,62,15,27,0
24949,62,15,27,0
24950,62,15,27,0
24951,62,15,27,0
24952,62,15,27,0
24953,62,15,27,0
24954,62,15,27,0
24955,62,15,27,0
24956,62,15,27,0
24957,62,15,27,0
24958,62,15,27,0
24959,62,15,27,0
24960,62,15,27,0
24961,62,15,27,0
24962,62,15,27,0
24963,62,15,27,0
24964,62,15,27,0
24965,62,15,27,0
24966,62,15,27,0
24967,62,15,27,0
24968,62,15,27,0
24969,62,15,27,0
24970,62,15,27,0
24971,62,15,27,0
24972,62,15,27,0
24973,62,15,27,0
24974,62,15,27,0
24975,62,15,27,0
24976,62,15,27,0
24977,62,15,27,0
24978,62,15,27,0
24979,62,15,27,0
24980,62,15,27,0
24981,62,15,27,0
24982,62,15,27,0
24983,62,15,27,0
24984,62,15,27,0
24985,62,15,27,0
24986,62,15,27,0
24987,62,15,27,0
24988,62,15,27,0
24989,62,15,27,0
24990,62,15,27,0
24991,62,15,27,0
24992,62,15,27,0
24993,62,15,27,0
24994,62,15,27,0
24995,62,15,27,0
24996,62,15,27,0
24997,62,15,27,0
24998,62,15,27,0
24999,62,15,27,0
25000,62,15,27,0
